2.6393 2.6393 -0.0005 1.1253 311.6500 nan 2018/6/25 15:0:28
2.6393 2.6442 -0.0005 1.1261 311.4625 nan 2018/6/25 15:0:30
2.6393 2.6931 -0.0005 1.1258 311.5250 nan 2018/6/25 15:0:31
2.6393 2.7126 68.4259 1.1254 311.6500 11.0275 2018/6/25 15:0:33
2.6393 2.7468 83.0886 1.1252 311.7125 12.1528 2018/6/25 15:0:35
2.6393 2.7273 87.9762 1.1253 311.6500 12.5043 2018/6/25 15:0:37
2.6393 2.7077 83.0886 1.1253 311.6500 12.1519 2018/6/25 15:0:39
2.6393 2.6735 63.5383 1.1251 311.7125 10.6277 2018/6/25 15:0:41
2.6393 2.6833 97.7514 1.1249 311.7750 13.1834 2018/6/25 15:0:42
2.6393 2.7224 131.9644 1.1252 311.7125 15.3157 2018/6/25 15:0:44
2.6393 2.7028 53.7632 1.1256 311.5875 9.7739 2018/6/25 15:0:46
2.6393 2.7077 68.4259 1.1256 311.5875 11.0265 2018/6/25 15:0:48
2.6393 2.7175 39.1004 1.1256 311.5875 8.3350 2018/6/25 15:0:50
2.6393 2.6882 73.3135 1.1254 311.6500 11.4146 2018/6/25 15:0:52
2.6393 2.7028 53.7632 1.1251 311.7125 9.7758 2018/6/25 15:0:53
2.6393 2.7224 63.5383 1.1249 311.7750 10.6287 2018/6/25 15:0:55
2.6393 2.7273 92.8638 1.1247 311.8375 12.8505 2018/6/25 15:0:57
2.6393 2.7273 9.7747 1.1245 311.9000 4.1696 2018/6/25 15:0:59
2.6393 2.7126 68.4259 1.1244 311.9000 11.0321 2018/6/25 15:1:1
2.6393 2.6882 73.3135 1.1240 312.0250 11.4215 2018/6/25 15:1:3
2.6393 2.7077 68.4259 1.1238 312.0875 11.0351 2018/6/25 15:1:4
2.6393 2.6686 97.7514 1.1238 312.0875 13.1897 2018/6/25 15:1:6
2.6393 2.7370 92.8638 1.1240 312.0250 12.8546 2018/6/25 15:1:8
2.6393 2.7273 53.7632 1.1236 312.1500 9.7827 2018/6/25 15:1:10
2.6393 2.6686 29.3252 1.1231 312.2750 7.2266 2018/6/25 15:1:12
2.6393 2.7077 83.0886 1.1228 312.3375 12.1655 2018/6/25 15:1:14
2.6393 2.7126 78.2011 1.1226 312.4000 11.8032 2018/6/25 15:1:15
2.6393 2.6686 92.8638 1.1226 312.4000 12.8625 2018/6/25 15:1:17
2.6393 2.7077 78.2011 1.1228 312.3375 11.8026 2018/6/25 15:1:19
2.6393 2.7224 107.5265 1.1226 312.4000 13.8406 2018/6/25 15:1:21
2.6393 2.7028 63.5383 1.1224 312.4625 10.6406 2018/6/25 15:1:23
2.6393 2.7370 68.4259 1.1222 312.5250 11.0430 2018/6/25 15:1:25
2.6393 2.7028 58.6507 1.1222 312.5250 10.2241 2018/6/25 15:1:26
2.6393 2.7322 63.5383 1.1218 312.6500 10.6434 2018/6/25 15:1:28
2.6393 2.7419 107.5265 1.1215 312.7125 13.8477 2018/6/25 15:1:30
2.6393 2.6882 92.8638 1.1213 312.7750 12.8701 2018/6/25 15:1:32
2.6393 2.6784 43.9880 1.1209 312.9000 8.8593 2018/6/25 15:1:34
2.6393 2.6637 58.6507 1.1207 312.9625 10.2309 2018/6/25 15:1:36
2.6393 2.7322 73.3135 1.1209 312.9000 11.4375 2018/6/25 15:1:37
2.6393 2.6637 53.7632 1.1212 312.7750 9.7930 2018/6/25 15:1:39
2.6393 2.6931 43.9880 1.1217 312.6500 8.8562 2018/6/25 15:1:41
2.6393 2.7077 73.3135 1.1221 312.5250 11.4310 2018/6/25 15:1:43
2.6393 2.7370 29.3252 1.1221 312.5250 7.2296 2018/6/25 15:1:45
2.6393 2.7077 58.6507 1.1222 312.5250 10.2240 2018/6/25 15:1:47
2.6393 2.7224 48.8756 1.1226 312.4000 9.3315 2018/6/25 15:1:48
2.6393 2.7224 68.4259 1.1226 312.4000 11.0412 2018/6/25 15:1:50
2.6393 2.7224 53.7632 1.1230 312.2750 9.7852 2018/6/25 15:1:52
2.6393 2.7175 83.0886 1.1225 312.4000 12.1672 2018/6/25 15:1:54
2.6393 2.6686 92.8638 1.1223 312.4625 12.8641 2018/6/25 15:1:56
2.6393 2.6686 73.3135 1.1223 312.4625 11.4303 2018/6/25 15:1:58
2.6393 2.6784 73.3135 1.1225 312.4000 11.4294 2018/6/25 15:1:59
2.6393 2.7126 97.7514 1.1223 312.4625 13.1984 2018/6/25 15:2:1
2.6393 2.7322 107.5265 1.1221 312.5250 13.8438 2018/6/25 15:2:3
2.6393 2.7077 73.3135 1.1219 312.5875 11.4324 2018/6/25 15:2:5
2.6393 2.7028 34.2128 1.1217 312.6500 7.8105 2018/6/25 15:2:7
2.6393 2.6979 83.0886 1.1221 312.5250 12.1697 2018/6/25 15:2:9
2.6393 2.6931 78.2011 1.1219 312.5875 11.8071 2018/6/25 15:2:10
2.6393 2.6882 107.5265 1.1221 312.5250 13.8438 2018/6/25 15:2:12
2.6393 2.7126 73.3135 1.1219 312.5875 11.4321 2018/6/25 15:2:14
2.6393 2.7322 53.7632 1.1219 312.5875 9.7898 2018/6/25 15:2:16
2.6393 2.7224 83.0886 1.1215 312.7125 12.1725 2018/6/25 15:2:18
2.6393 2.7077 83.0886 1.1213 312.7750 12.1737 2018/6/25 15:2:20
2.6393 2.7175 97.7514 1.1211 312.8375 13.2056 2018/6/25 15:2:21
2.6393 2.7028 92.8638 1.1211 312.8375 12.8712 2018/6/25 15:2:23
2.6393 2.6979 73.3135 1.1210 312.8375 11.4365 2018/6/25 15:2:25
2.6393 2.6686 87.9762 1.1209 312.9000 12.5292 2018/6/25 15:2:27
2.6393 2.6784 43.9880 1.1207 312.9625 8.8601 2018/6/25 15:2:29
2.6393 2.7077 68.4259 1.1206 313.0250 11.0512 2018/6/25 15:2:30
2.6393 2.7175 39.1004 1.1211 312.8375 8.3518 2018/6/25 15:2:32
2.6393 2.7126 58.6507 1.1214 312.7750 10.2277 2018/6/25 15:2:34
2.6393 2.6735 68.4259 1.1212 312.8375 11.0481 2018/6/25 15:2:36
2.6393 2.7175 83.0886 1.1212 312.8375 12.1745 2018/6/25 15:2:38
2.6393 2.6686 87.9762 1.1211 312.8375 12.5276 2018/6/25 15:2:40
2.6393 2.7273 83.0886 1.1215 312.7125 12.1729 2018/6/25 15:2:41
2.6393 2.7175 24.4377 1.1215 312.7125 6.6015 2018/6/25 15:2:43
2.6393 2.7468 97.7514 1.1219 312.5875 13.2009 2018/6/25 15:2:45
2.6393 2.6882 58.6507 1.1221 312.5250 10.2242 2018/6/25 15:2:47
2.6393 2.7077 63.5383 1.1226 312.4000 10.6393 2018/6/25 15:2:49
2.6393 2.6882 92.8638 1.1233 312.2125 12.8586 2018/6/25 15:2:51
2.6393 2.6833 83.0886 1.1233 312.2125 12.1628 2018/6/25 15:2:52
2.6393 2.7126 43.9880 1.1238 312.0875 8.8479 2018/6/25 15:2:54
2.6393 2.6784 87.9762 1.1239 312.0875 12.5123 2018/6/25 15:2:56
2.6393 2.7077 43.9880 1.1240 312.0250 8.8472 2018/6/25 15:2:58
2.6393 2.6931 68.4259 1.1249 311.7750 11.0296 2018/6/25 15:3:0
2.6393 2.6784 48.8756 1.1260 311.4625 9.3173 2018/6/25 15:3:2
2.6393 2.6979 83.0886 1.1257 311.5250 12.1500 2018/6/25 15:3:3
2.6393 2.6637 102.6390 1.1259 311.4625 13.5024 2018/6/25 15:3:5
2.6393 2.7175 43.9880 1.1267 311.2125 8.8366 2018/6/25 15:3:7
2.6393 2.6735 39.1004 1.1272 311.0875 8.3291 2018/6/25 15:3:9
2.6393 2.7028 43.9880 1.1268 311.2125 8.8359 2018/6/25 15:3:11
2.6393 2.6979 19.5501 1.1266 311.2750 5.8913 2018/6/25 15:3:13
2.6393 2.7126 73.3135 1.1264 311.3375 11.4091 2018/6/25 15:3:14
2.6393 2.7273 87.9762 1.1264 311.3375 12.4983 2018/6/25 15:3:16
2.6393 2.7028 122.1893 1.1267 311.2750 14.7276 2018/6/25 15:3:18
2.6393 2.7126 92.8638 1.1265 311.3375 12.8404 2018/6/25 15:3:20
2.6393 2.7615 87.9762 1.1262 311.4000 12.4993 2018/6/25 15:3:22
2.6393 2.7175 53.7632 1.1262 311.4000 9.7714 2018/6/25 15:3:24
2.6393 2.7419 92.8638 1.1257 311.5250 12.8447 2018/6/25 15:3:25
2.6393 2.7322 131.9644 1.1253 311.6500 15.3148 2018/6/25 15:3:27
2.6393 2.6979 58.6507 1.1251 311.7125 10.2108 2018/6/25 15:3:29
2.6393 2.7028 83.0886 1.1248 311.7750 12.1546 2018/6/25 15:3:31
2.6393 2.6979 63.5383 1.1244 311.9000 10.6308 2018/6/25 15:3:33
2.6393 2.7077 122.1893 1.1244 311.9000 14.7424 2018/6/25 15:3:35
2.6393 2.6979 68.4259 1.1243 311.9625 11.0328 2018/6/25 15:3:36
2.6393 2.7126 73.3135 1.1244 311.9000 11.4194 2018/6/25 15:3:38
2.6393 2.7077 83.0886 1.1243 311.9625 12.1576 2018/6/25 15:3:40
2.6393 2.6979 63.5383 1.1244 311.9000 10.6308 2018/6/25 15:3:42
2.6393 2.7322 63.5383 1.1256 311.5875 10.6255 2018/6/25 15:3:44
2.6393 2.7322 63.5383 1.1260 311.4625 10.6234 2018/6/25 15:3:46
2.6393 2.7126 43.9880 1.1256 311.5875 8.8408 2018/6/25 15:3:47
2.6393 2.7224 48.8756 1.1257 311.5250 9.3186 2018/6/25 15:3:49
2.6393 2.6979 68.4259 1.1266 311.2750 11.0215 2018/6/25 15:3:51
2.6393 2.6637 58.6507 1.1278 310.9625 10.1985 2018/6/25 15:3:53
2.6393 2.6931 73.3135 1.1278 310.9625 11.4023 2018/6/25 15:3:55
2.6393 2.6931 97.7514 1.1281 310.8375 13.1646 2018/6/25 15:3:57
2.6393 2.7322 48.8756 1.1282 310.8375 9.3084 2018/6/25 15:3:58
2.6393 2.7419 53.7632 1.1280 310.9000 9.7636 2018/6/25 15:4:0
2.6393 2.7517 78.2011 1.1280 310.9000 11.7754 2018/6/25 15:4:2
2.6393 2.7077 97.7514 1.1281 310.8375 13.1643 2018/6/25 15:4:4
2.6393 2.7517 78.2011 1.1279 310.9000 11.7757 2018/6/25 15:4:6
2.6393 2.7028 83.0886 1.1292 310.5875 12.1313 2018/6/25 15:4:8
2.6393 2.7126 39.1004 1.1287 310.7125 8.3237 2018/6/25 15:4:9
2.6393 2.6931 73.3135 1.1282 310.8375 11.4003 2018/6/25 15:4:11
2.6393 2.6784 53.7632 1.1283 310.8375 9.7620 2018/6/25 15:4:13
2.6393 2.6979 92.8638 1.1282 310.8375 12.8304 2018/6/25 15:4:15
2.6393 2.7175 73.3135 1.1283 310.8375 11.3999 2018/6/25 15:4:17
2.6393 2.6833 68.4259 1.1303 310.2750 11.0036 2018/6/25 15:4:19
2.6393 2.6882 97.7514 1.1309 310.0875 13.1481 2018/6/25 15:4:20
2.6393 2.7175 19.5501 1.1316 309.9000 5.8783 2018/6/25 15:4:22
2.6393 2.7028 68.4259 1.1314 309.9625 10.9983 2018/6/25 15:4:24
2.6393 2.7273 63.5383 1.1307 310.1500 10.6011 2018/6/25 15:4:26
2.6393 2.7175 48.8756 1.1307 310.1500 9.2978 2018/6/25 15:4:28
2.6393 2.7370 87.9762 1.1311 310.0250 12.4722 2018/6/25 15:4:30
2.6393 2.7322 97.7514 1.1313 309.9625 13.1459 2018/6/25 15:4:31
2.6393 2.6882 73.3135 1.1320 309.7750 11.3811 2018/6/25 15:4:33
2.6393 2.6637 34.2128 1.1317 309.9000 7.7759 2018/6/25 15:4:35
2.6393 2.6882 68.4259 1.1319 309.8375 10.9956 2018/6/25 15:4:37
2.6393 2.7175 92.8638 1.1321 309.7750 12.8087 2018/6/25 15:4:39
2.6393 2.7028 78.2011 1.1323 309.7125 11.7528 2018/6/25 15:4:41
2.6393 2.6882 68.4259 1.1321 309.7750 10.9946 2018/6/25 15:4:42
2.6393 2.7322 73.3135 1.1320 309.8375 11.3813 2018/6/25 15:4:44
2.6393 2.7322 63.5383 1.1315 309.9625 10.5974 2018/6/25 15:4:46
2.6393 2.7028 53.7632 1.1311 310.0875 9.7502 2018/6/25 15:4:48
2.6393 2.6882 73.3135 1.1309 310.1500 11.3866 2018/6/25 15:4:50
2.6393 2.6882 68.4259 1.1307 310.2125 11.0017 2018/6/25 15:4:52
2.6393 2.6882 68.4259 1.1302 310.3375 11.0038 2018/6/25 15:4:53
2.6393 2.6931 73.3135 1.1303 310.3375 11.3896 2018/6/25 15:4:55
2.6393 2.7077 43.9880 1.1309 310.1500 8.8199 2018/6/25 15:4:57
2.6393 2.7077 78.2011 1.1314 310.0250 11.7572 2018/6/25 15:4:59
2.6393 2.7175 92.8638 1.1313 310.0250 12.8127 2018/6/25 15:5:1
2.6393 2.7175 53.7632 1.1321 309.8375 9.7459 2018/6/25 15:5:3
2.6393 2.6833 97.7514 1.1322 309.7750 13.1404 2018/6/25 15:5:4
2.6393 2.7028 29.3252 1.1317 309.9625 7.1991 2018/6/25 15:5:6
2.6393 2.7077 83.0886 1.1318 309.9000 12.1170 2018/6/25 15:5:8
2.6393 2.7126 58.6507 1.1321 309.8375 10.1792 2018/6/25 15:5:10
2.6393 2.6784 24.4377 1.1322 309.7750 6.5702 2018/6/25 15:5:12
2.6393 2.6979 73.3135 1.1325 309.7125 11.3785 2018/6/25 15:5:14
2.6393 2.7077 29.3252 1.1323 309.7750 7.1970 2018/6/25 15:5:15
2.6393 2.7273 43.9880 1.1322 309.8375 8.8151 2018/6/25 15:5:17
2.6393 2.7273 112.4141 1.1317 309.9625 14.0948 2018/6/25 15:5:19
2.6393 2.7175 102.6390 1.1313 310.0875 13.4705 2018/6/25 15:5:21
2.6393 2.6882 43.9880 1.1306 310.2750 8.8210 2018/6/25 15:5:23
2.6393 2.6637 73.3135 1.1302 310.4000 11.3901 2018/6/25 15:5:25
2.6393 2.7322 92.8638 1.1298 310.5250 12.8217 2018/6/25 15:5:26
2.6393 2.6882 73.3135 1.1295 310.5875 11.3935 2018/6/25 15:5:28
2.6393 2.6882 73.3135 1.1297 310.5250 11.3926 2018/6/25 15:5:30
2.6393 2.7273 87.9762 1.1296 310.5875 12.4807 2018/6/25 15:5:32
2.6393 2.6931 39.1004 1.1292 310.7125 8.3220 2018/6/25 15:5:34
2.6393 2.7077 107.5265 1.1288 310.8375 13.8027 2018/6/25 15:5:36
2.6393 2.6979 78.2011 1.1285 310.9000 11.7726 2018/6/25 15:5:37
2.6393 2.6882 73.3135 1.1292 310.7125 11.3950 2018/6/25 15:5:39
2.6393 2.7077 92.8638 1.1295 310.5875 12.8231 2018/6/25 15:5:41
2.6393 2.7028 63.5383 1.1298 310.5250 10.6056 2018/6/25 15:5:43
2.6393 2.7175 58.6507 1.1303 310.4000 10.1874 2018/6/25 15:5:45
2.6393 2.7028 97.7514 1.1305 310.3375 13.1506 2018/6/25 15:5:47
2.6393 2.6735 73.3135 1.1309 310.2125 11.3867 2018/6/25 15:5:48
2.6393 2.7517 53.7632 1.1314 310.0875 9.7488 2018/6/25 15:5:50
2.6393 2.7419 39.1004 1.1324 309.8375 8.3103 2018/6/25 15:5:52
2.6393 2.6833 68.4259 1.1321 309.9000 10.9947 2018/6/25 15:5:54
2.6393 2.7322 53.7632 1.1321 309.9000 9.7458 2018/6/25 15:5:56
2.6393 2.7175 73.3135 1.1319 309.9625 11.3815 2018/6/25 15:5:58
2.6393 2.7468 48.8756 1.1315 310.0875 9.2947 2018/6/25 15:5:59
2.6393 2.7077 83.0886 1.1311 310.2125 12.1211 2018/6/25 15:6:1
2.6393 2.7224 34.2128 1.1308 310.2750 7.7787 2018/6/25 15:6:3
2.6393 2.7175 58.6507 1.1306 310.3375 10.1859 2018/6/25 15:6:5
2.6393 2.7370 87.9762 1.1306 310.3375 12.4750 2018/6/25 15:6:7
2.6393 2.6979 48.8756 1.1310 310.2125 9.2966 2018/6/25 15:6:9
2.6393 2.7126 78.2011 1.1310 310.2125 11.7594 2018/6/25 15:6:10
2.6393 2.6979 78.2011 1.1309 310.2750 11.7602 2018/6/25 15:6:12
2.6393 2.7126 78.2011 1.1305 310.4000 11.7621 2018/6/25 15:6:14
2.6393 2.6588 68.4259 1.1303 310.4625 11.0034 2018/6/25 15:6:16
2.6393 2.7175 73.3135 1.1302 310.5250 11.3902 2018/6/25 15:6:18
2.6393 2.6735 68.4259 1.1297 310.6500 11.0063 2018/6/25 15:6:19
2.6393 2.7077 87.9762 1.1296 310.7125 12.4806 2018/6/25 15:6:21
2.6393 2.7370 83.0886 1.1290 310.9000 12.1322 2018/6/25 15:6:23
2.6393 2.6979 102.6390 1.1286 311.0250 13.4865 2018/6/25 15:6:25
2.6393 2.7273 53.7632 1.1283 311.0875 9.7622 2018/6/25 15:6:27
2.6393 2.7077 73.3135 1.1278 311.2125 11.4021 2018/6/25 15:6:29
2.6393 2.7419 68.4259 1.1276 311.2750 11.0168 2018/6/25 15:6:30
2.6393 2.7419 63.5383 1.1272 311.4000 10.6178 2018/6/25 15:6:32
2.6393 2.7126 87.9762 1.1271 311.4000 12.4943 2018/6/25 15:6:34
2.6393 2.6931 102.6390 1.1269 311.4625 13.4966 2018/6/25 15:6:36
2.6393 2.7077 63.5383 1.1264 311.5875 10.6213 2018/6/25 15:6:38
2.6393 2.7273 43.9880 1.1265 311.5875 8.8372 2018/6/25 15:6:40
2.6393 2.6882 53.7632 1.1260 311.7125 9.7720 2018/6/25 15:6:41
2.6393 2.7517 92.8638 1.1258 311.7750 12.8440 2018/6/25 15:6:43
2.6393 2.7224 39.1004 1.1254 311.9000 8.3358 2018/6/25 15:6:45
2.6393 2.7028 73.3135 1.1250 312.0250 11.4167 2018/6/25 15:6:47
2.6393 2.7028 58.6507 1.1247 312.0875 10.2123 2018/6/25 15:6:49
2.6393 2.6882 73.3135 1.1244 312.2125 11.4196 2018/6/25 15:6:51
2.6393 2.7566 43.9880 1.1239 312.3375 8.8473 2018/6/25 15:6:52
2.6393 2.7273 87.9762 1.1237 312.4000 12.5133 2018/6/25 15:6:54
2.6393 2.7077 87.9762 1.1235 312.4625 12.5142 2018/6/25 15:6:56
2.6393 2.6979 73.3135 1.1241 312.2750 11.4208 2018/6/25 15:6:58
2.6393 2.7175 43.9880 1.1238 312.4000 8.8480 2018/6/25 15:7:0
2.6393 2.6833 97.7514 1.1233 312.5250 13.1925 2018/6/25 15:7:2
2.6393 2.7224 78.2011 1.1231 312.5875 11.8007 2018/6/25 15:7:3
2.6393 2.7273 63.5383 1.1230 312.6500 10.6377 2018/6/25 15:7:5
2.6393 2.7077 63.5383 1.1224 312.7750 10.6403 2018/6/25 15:7:7
2.6393 2.7322 78.2011 1.1220 312.9000 11.8066 2018/6/25 15:7:9
2.6393 2.6686 63.5383 1.1218 312.9625 10.6435 2018/6/25 15:7:11
2.6393 2.6979 73.3135 1.1218 312.9625 11.4327 2018/6/25 15:7:13
2.6393 2.6637 68.4259 1.1216 313.0250 11.0461 2018/6/25 15:7:14
2.6393 2.7322 43.9880 1.1214 313.0875 8.8574 2018/6/25 15:7:16
2.6393 2.6833 83.0886 1.1222 312.8375 12.1688 2018/6/25 15:7:18
2.6393 2.7126 73.3135 1.1236 312.4625 11.4238 2018/6/25 15:7:20
2.6393 2.7077 97.7514 1.1241 312.2750 13.1876 2018/6/25 15:7:22
2.6393 2.7126 53.7632 1.1238 312.4000 9.7818 2018/6/25 15:7:24
2.6393 2.6735 68.4259 1.1243 312.2125 11.0328 2018/6/25 15:7:25
2.6393 2.7175 73.3135 1.1241 312.2750 11.4209 2018/6/25 15:7:27
2.6393 2.7028 63.5383 1.1245 312.1500 10.6303 2018/6/25 15:7:29
2.6393 2.7077 92.8638 1.1241 312.2750 12.8538 2018/6/25 15:7:31
2.6393 2.6833 83.0886 1.1237 312.4000 12.1606 2018/6/25 15:7:33
2.6393 2.7077 43.9880 1.1237 312.4000 8.8483 2018/6/25 15:7:35
2.6393 2.7370 83.0886 1.1241 312.2750 12.1584 2018/6/25 15:7:36
2.6393 2.6784 48.8756 1.1252 311.9625 9.3206 2018/6/25 15:7:38
2.6393 2.6979 68.4259 1.1252 311.9625 11.0285 2018/6/25 15:7:40
2.6393 2.7370 34.2128 1.1252 311.9625 7.7981 2018/6/25 15:7:42
2.6393 2.6979 48.8756 1.1251 311.9625 9.3209 2018/6/25 15:7:44
2.6393 2.7322 73.3135 1.1251 311.9625 11.4158 2018/6/25 15:7:46
2.6393 2.7419 73.3135 1.1258 311.7750 11.4125 2018/6/25 15:7:47
2.6393 2.7077 63.5383 1.1258 311.7750 10.6244 2018/6/25 15:7:49
2.6393 2.6882 48.8756 1.1275 311.2750 9.3112 2018/6/25 15:7:51
2.6393 2.7273 78.2011 1.1276 311.2750 11.7771 2018/6/25 15:7:53
2.6393 2.6931 68.4259 1.1279 311.2125 11.0151 2018/6/25 15:7:55
2.6393 2.6882 92.8638 1.1284 311.0875 12.8297 2018/6/25 15:7:57
2.6393 2.7322 73.3135 1.1280 311.1500 11.4013 2018/6/25 15:7:58
2.6393 2.6540 87.9762 1.1282 311.0875 12.4884 2018/6/25 15:8:0
2.6393 2.7273 83.0886 1.1285 311.0250 12.1351 2018/6/25 15:8:2
2.6393 2.7077 97.7514 1.1287 310.9625 13.1609 2018/6/25 15:8:4
2.6393 2.6882 78.2011 1.1283 311.0875 11.7735 2018/6/25 15:8:6
2.6393 2.6686 39.1004 1.1283 311.0875 8.3251 2018/6/25 15:8:8
2.6393 2.7224 127.0769 1.1281 311.1500 15.0096 2018/6/25 15:8:9
2.6393 2.7322 43.9880 1.1276 311.2750 8.8331 2018/6/25 15:8:11
2.6393 2.7322 73.3135 1.1274 311.3375 11.4044 2018/6/25 15:8:13
2.6393 2.6784 68.4259 1.1271 311.4000 11.0190 2018/6/25 15:8:15
2.6393 2.7468 112.4141 1.1269 311.4625 14.1250 2018/6/25 15:8:17
2.6393 2.6979 63.5383 1.1273 311.3375 10.6172 2018/6/25 15:8:19
2.6393 2.6931 53.7632 1.1274 311.3375 9.7661 2018/6/25 15:8:20
2.6393 2.6931 87.9762 1.1272 311.4000 12.4941 2018/6/25 15:8:22
2.6393 2.6882 63.5383 1.1271 311.4000 10.6180 2018/6/25 15:8:24
2.6393 2.7224 63.5383 1.1265 311.5875 10.6209 2018/6/25 15:8:26
2.6393 2.7224 53.7632 1.1265 311.5875 9.7699 2018/6/25 15:8:28
2.6393 2.7419 73.3135 1.1270 311.4625 11.4065 2018/6/25 15:8:30
2.6393 2.6833 78.2011 1.1272 311.4000 11.7793 2018/6/25 15:8:31
2.6393 2.6882 97.7514 1.1270 311.4625 13.1707 2018/6/25 15:8:33
2.6393 2.7077 58.6507 1.1273 311.4000 10.2009 2018/6/25 15:8:35
2.6393 2.7322 29.3252 1.1270 311.4625 7.2139 2018/6/25 15:8:37
2.6393 2.7077 29.3252 1.1272 311.4000 7.2132 2018/6/25 15:8:39
2.6393 2.7517 63.5383 1.1272 311.4000 10.6180 2018/6/25 15:8:41
2.6393 2.7126 58.6507 1.1276 311.2750 10.1995 2018/6/25 15:8:42
2.6393 2.6882 63.5383 1.1281 311.1500 10.6137 2018/6/25 15:8:44
2.6393 2.6979 107.5265 1.1295 310.7750 13.7984 2018/6/25 15:8:46
2.6393 2.6979 68.4259 1.1297 310.7125 11.0064 2018/6/25 15:8:48
2.6393 2.7322 58.6507 1.1290 310.9000 10.1928 2018/6/25 15:8:50
2.6393 2.7322 63.5383 1.1295 310.7750 10.6071 2018/6/25 15:8:52
2.6393 2.6931 63.5383 1.1294 310.7750 10.6073 2018/6/25 15:8:53
2.6393 2.7370 92.8638 1.1295 310.7750 12.8234 2018/6/25 15:8:55
2.6393 2.6931 53.7632 1.1304 310.5250 9.7532 2018/6/25 15:8:57
2.6393 2.7322 78.2011 1.1308 310.4000 11.7608 2018/6/25 15:8:59
2.6393 2.6979 78.2011 1.1303 310.5250 11.7630 2018/6/25 15:9:1
2.6393 2.7273 63.5383 1.1301 310.5875 10.6041 2018/6/25 15:9:3
2.6393 2.6442 48.8756 1.1303 310.5250 9.2996 2018/6/25 15:9:4
2.6393 2.7126 87.9762 1.1301 310.5875 12.4778 2018/6/25 15:9:6
2.6393 2.7370 83.0886 1.1295 310.7750 12.1295 2018/6/25 15:9:8
2.6393 2.7175 34.2128 1.1291 310.9000 7.7848 2018/6/25 15:9:10
2.6393 2.7273 24.4377 1.1297 310.7125 6.5776 2018/6/25 15:9:12
2.6393 2.7028 83.0886 1.1298 310.6500 12.1276 2018/6/25 15:9:14
2.6393 2.6931 73.3135 1.1303 310.5250 11.3895 2018/6/25 15:9:15
2.6393 2.6931 58.6507 1.1297 310.7125 10.1900 2018/6/25 15:9:17
2.6393 2.6882 102.6390 1.1293 310.8375 13.4827 2018/6/25 15:9:19
2.6393 2.6931 107.5265 1.1290 310.9000 13.8012 2018/6/25 15:9:21
2.6393 2.7419 48.8756 1.1291 310.9000 9.3046 2018/6/25 15:9:23
2.6393 2.6784 87.9762 1.1288 310.9625 12.4848 2018/6/25 15:9:25
2.6393 2.6931 58.6507 1.1287 311.0250 10.1945 2018/6/25 15:9:26
2.6393 2.7126 87.9762 1.1288 310.9625 12.4848 2018/6/25 15:9:28
2.6393 2.7224 73.3135 1.1285 311.0250 11.3985 2018/6/25 15:9:30
2.6393 2.7077 53.7632 1.1283 311.0875 9.7623 2018/6/25 15:9:32
2.6393 2.6979 112.4141 1.1281 311.1500 14.1174 2018/6/25 15:9:34
2.6393 2.6686 92.8638 1.1280 311.1500 12.8314 2018/6/25 15:9:36
2.6393 2.7175 68.4259 1.1278 311.2125 11.0154 2018/6/25 15:9:37
2.6393 2.6882 87.9762 1.1276 311.2750 12.4916 2018/6/25 15:9:39
2.6393 2.7077 68.4259 1.1276 311.2750 11.0168 2018/6/25 15:9:41
2.6393 2.7175 63.5383 1.1271 311.4000 10.6181 2018/6/25 15:9:43
2.6393 2.7077 92.8638 1.1267 311.5250 12.8390 2018/6/25 15:9:45
2.6393 2.7419 34.2128 1.1263 311.6500 7.7943 2018/6/25 15:9:47
2.6393 2.6979 83.0886 1.1265 311.5875 12.1454 2018/6/25 15:9:48
2.6393 2.7028 78.2011 1.1261 311.7125 11.7852 2018/6/25 15:9:50
2.6393 2.7126 19.5501 1.1257 311.8375 5.8937 2018/6/25 15:9:52
2.6393 2.7370 97.7514 1.1254 311.9000 13.1800 2018/6/25 15:9:54
2.6393 2.7273 43.9880 1.1254 311.9000 8.8415 2018/6/25 15:9:56
2.6393 2.7370 39.1004 1.1252 311.9625 8.3365 2018/6/25 15:9:58
2.6393 2.7322 29.3252 1.1250 312.0250 7.2204 2018/6/25 15:9:59
2.6393 2.7077 73.3135 1.1250 312.0250 11.4166 2018/6/25 15:10:1
2.6393 2.6931 48.8756 1.1245 312.1500 9.3236 2018/6/25 15:10:3
2.6393 2.6784 39.1004 1.1244 312.1500 8.3395 2018/6/25 15:10:5
2.6393 2.7224 63.5383 1.1245 312.1500 10.6306 2018/6/25 15:10:7
2.6393 2.7322 92.8638 1.1244 312.1500 12.8519 2018/6/25 15:10:9
2.6393 2.7126 48.8756 1.1245 312.1500 9.3237 2018/6/25 15:10:10
2.6393 2.7126 63.5383 1.1242 312.2125 10.6318 2018/6/25 15:10:12
2.6393 2.7028 63.5383 1.1240 312.2750 10.6328 2018/6/25 15:10:14
2.6393 2.7175 63.5383 1.1236 312.4000 10.6347 2018/6/25 15:10:16
2.6393 2.6979 68.4259 1.1235 312.4625 11.0369 2018/6/25 15:10:18
2.6393 2.7224 97.7514 1.1230 312.5875 13.1945 2018/6/25 15:10:19
2.6393 2.6931 53.7632 1.1225 312.7125 9.7871 2018/6/25 15:10:21
2.6393 2.7224 92.8638 1.1223 312.7750 12.8644 2018/6/25 15:10:23
2.6393 2.6979 48.8756 1.1221 312.8375 9.3335 2018/6/25 15:10:25
2.6393 2.7126 19.5501 1.1219 312.9000 5.9036 2018/6/25 15:10:27
2.6393 2.6540 73.3135 1.1216 312.9625 11.4336 2018/6/25 15:10:29
2.6393 2.7273 78.2011 1.1215 313.0250 11.8094 2018/6/25 15:10:30
2.6393 2.7028 63.5383 1.1215 313.0250 10.6448 2018/6/25 15:10:32
2.6393 2.6979 78.2011 1.1212 313.0875 11.8106 2018/6/25 15:10:34
2.6393 2.6735 19.5501 1.1218 312.9000 5.9037 2018/6/25 15:10:36
2.6393 2.7175 92.8638 1.1223 312.7750 12.8640 2018/6/25 15:10:38
2.6393 2.6979 83.0886 1.1225 312.7125 12.1672 2018/6/25 15:10:40
2.6393 2.7224 68.4259 1.1223 312.7750 11.0427 2018/6/25 15:10:41
2.6393 2.6931 63.5383 1.1220 312.8375 10.6422 2018/6/25 15:10:43
2.6393 2.6686 63.5383 1.1217 312.9625 10.6438 2018/6/25 15:10:45
2.6393 2.6588 63.5383 1.1218 312.9000 10.6434 2018/6/25 15:10:47
2.6393 2.6735 53.7632 1.1218 312.9000 9.7902 2018/6/25 15:10:49
2.6393 2.6931 53.7632 1.1218 312.9000 9.7903 2018/6/25 15:10:51
2.6393 2.6833 102.6390 1.1215 313.0250 13.5294 2018/6/25 15:10:52
2.6393 2.7175 73.3135 1.1214 313.0250 11.4345 2018/6/25 15:10:54
2.6393 2.6979 68.4259 1.1215 313.0250 11.0467 2018/6/25 15:10:56
2.6393 2.6686 34.2128 1.1211 313.1500 7.8126 2018/6/25 15:10:58
2.6393 2.7419 83.0886 1.1211 313.1500 12.1751 2018/6/25 15:11:0
2.6393 2.6979 102.6390 1.1214 313.0250 13.5296 2018/6/25 15:11:2
2.6393 2.6979 58.6507 1.1212 313.0875 10.2284 2018/6/25 15:11:3
2.6393 2.7224 63.5383 1.1212 313.0875 10.6460 2018/6/25 15:11:5
2.6393 2.6882 29.3252 1.1212 313.0875 7.2326 2018/6/25 15:11:7
2.6393 2.6979 73.3135 1.1211 313.1500 11.4365 2018/6/25 15:11:9
2.6393 2.7126 53.7632 1.1213 313.0875 9.7927 2018/6/25 15:11:11
2.6393 2.7077 39.1004 1.1210 313.1500 8.3523 2018/6/25 15:11:13
2.6393 2.7664 29.3252 1.1208 313.2125 7.2337 2018/6/25 15:11:14
2.6393 2.6784 87.9762 1.1206 313.2750 12.5306 2018/6/25 15:11:16
2.6393 2.7175 87.9762 1.1203 313.3375 12.5321 2018/6/25 15:11:18
2.6393 2.7028 87.9762 1.1206 313.2750 12.5308 2018/6/25 15:11:20
2.6393 2.6833 92.8638 1.1212 313.0875 12.8706 2018/6/25 15:11:22
2.6393 2.7468 102.6390 1.1215 312.9625 13.5291 2018/6/25 15:11:24
2.6393 2.6979 53.7632 1.1227 312.6500 9.7864 2018/6/25 15:11:25
2.6393 2.7077 29.3252 1.1234 312.4625 7.2256 2018/6/25 15:11:27
2.6393 2.6784 53.7632 1.1242 312.2125 9.7800 2018/6/25 15:11:29
2.6393 2.6979 107.5265 1.1244 312.1500 13.8298 2018/6/25 15:11:31
2.6393 2.6588 68.4259 1.1248 312.0250 11.0304 2018/6/25 15:11:33
2.6393 2.6882 63.5383 1.1253 311.9000 10.6269 2018/6/25 15:11:35
2.6393 2.6931 48.8756 1.1257 311.7750 9.3185 2018/6/25 15:11:36
2.6393 2.6882 112.4141 1.1255 311.8375 14.1338 2018/6/25 15:11:38
2.6393 2.6833 78.2011 1.1255 311.8375 11.7883 2018/6/25 15:11:40
2.6393 2.7077 53.7632 1.1253 311.9000 9.7752 2018/6/25 15:11:42
2.6393 2.7224 78.2011 1.1253 311.9000 11.7895 2018/6/25 15:11:44
2.6393 2.7419 63.5383 1.1248 312.0250 10.6288 2018/6/25 15:11:46
2.6393 2.7126 63.5383 1.1245 312.1500 10.6307 2018/6/25 15:11:47
2.6393 2.6882 73.3135 1.1243 312.2125 11.4202 2018/6/25 15:11:49
2.6393 2.6833 68.4259 1.1240 312.2750 11.0342 2018/6/25 15:11:51
2.6393 2.7028 39.1004 1.1238 312.3375 8.3418 2018/6/25 15:11:53
2.6393 2.6882 73.3135 1.1238 312.3375 11.4225 2018/6/25 15:11:55
2.6393 2.7224 68.4259 1.1236 312.4000 11.0362 2018/6/25 15:11:57
2.6393 2.7126 107.5265 1.1234 312.4625 13.8356 2018/6/25 15:11:58
2.6393 2.6931 68.4259 1.1234 312.4625 11.0369 2018/6/25 15:12:0
2.6393 2.7224 63.5383 1.1234 312.4625 10.6355 2018/6/25 15:12:2
2.6393 2.7224 43.9880 1.1232 312.5250 8.8501 2018/6/25 15:12:4
2.6393 2.6882 73.3135 1.1232 312.5250 11.4258 2018/6/25 15:12:6
2.6393 2.7322 39.1004 1.1230 312.5875 8.3449 2018/6/25 15:12:8
2.6393 2.6882 29.3252 1.1224 312.7125 7.2287 2018/6/25 15:12:9
2.6393 2.6931 83.0886 1.1222 312.7750 12.1691 2018/6/25 15:12:11
2.6393 2.6979 83.0886 1.1220 312.8375 12.1700 2018/6/25 15:12:13
2.6393 2.7273 39.1004 1.1218 312.9000 8.3492 2018/6/25 15:12:15
2.6393 2.7126 68.4259 1.1216 312.9625 11.0462 2018/6/25 15:12:17
2.6393 2.6979 53.7632 1.1216 312.9625 9.7914 2018/6/25 15:12:19
2.6393 2.7370 58.6507 1.1212 313.0875 10.2285 2018/6/25 15:12:20
2.6393 2.7175 78.2011 1.1210 313.1500 11.8121 2018/6/25 15:12:22
2.6393 2.7322 83.0886 1.1207 313.2125 12.1768 2018/6/25 15:12:24
2.6393 2.7028 78.2011 1.1207 313.2125 11.8135 2018/6/25 15:12:26
2.6393 2.7175 97.7514 1.1202 313.3375 13.2105 2018/6/25 15:12:28
2.6393 2.6735 92.8638 1.1201 313.4000 12.8770 2018/6/25 15:12:30
2.6393 2.7273 92.8638 1.1199 313.4625 12.8780 2018/6/25 15:12:31
2.6393 2.7175 58.6507 1.1197 313.5250 10.2354 2018/6/25 15:12:33
2.6393 2.7224 58.6507 1.1195 313.5875 10.2361 2018/6/25 15:12:35
2.6393 2.7370 87.9762 1.1193 313.6500 12.5378 2018/6/25 15:12:37
2.6393 2.6931 97.7514 1.1191 313.7125 13.2173 2018/6/25 15:12:39
2.6393 2.7370 53.7632 1.1192 313.7125 9.8019 2018/6/25 15:12:41
2.6393 2.7175 63.5383 1.1189 313.7750 10.6569 2018/6/25 15:12:42
2.6393 2.7370 87.9762 1.1189 313.7750 12.5402 2018/6/25 15:12:44
2.6393 2.7273 63.5383 1.1189 313.7750 10.6573 2018/6/25 15:12:46
2.6393 2.7028 58.6507 1.1191 313.7125 10.2382 2018/6/25 15:12:48
2.6393 2.6931 43.9880 1.1189 313.7750 8.8674 2018/6/25 15:12:50
2.6393 2.6833 34.2128 1.1185 313.9000 7.8215 2018/6/25 15:12:52
2.6393 2.7322 78.2011 1.1185 313.9000 11.8249 2018/6/25 15:12:53
2.6393 2.7175 92.8638 1.1183 313.9625 12.8872 2018/6/25 15:12:55
2.6393 2.7126 78.2011 1.1185 313.9000 11.8251 2018/6/25 15:12:57
2.6393 2.7077 97.7514 1.1183 313.9625 13.2220 2018/6/25 15:12:59
2.6393 2.7224 39.1004 1.1189 313.7750 8.3599 2018/6/25 15:13:1
2.6393 2.7126 83.0886 1.1191 313.7125 12.1857 2018/6/25 15:13:3
2.6393 2.6979 39.1004 1.1196 313.5250 8.3573 2018/6/25 15:13:4
2.6393 2.7028 43.9880 1.1199 313.4625 8.8633 2018/6/25 15:13:6
2.6393 2.6979 68.4259 1.1204 313.2750 11.0518 2018/6/25 15:13:8
2.6393 2.7370 63.5383 1.1207 313.2125 10.6487 2018/6/25 15:13:10
2.6393 2.6931 39.1004 1.1212 313.0875 8.3516 2018/6/25 15:13:12
2.6393 2.7370 68.4259 1.1216 312.9625 11.0461 2018/6/25 15:13:14
2.6393 2.7126 78.2011 1.1229 312.5875 11.8021 2018/6/25 15:13:15
2.6393 2.7077 63.5383 1.1241 312.2125 10.6325 2018/6/25 15:13:17
2.6393 2.6979 83.0886 1.1249 311.9625 12.1545 2018/6/25 15:13:19
2.6393 2.6931 92.8638 1.1253 311.8375 12.8470 2018/6/25 15:13:21
2.6393 2.7175 92.8638 1.1254 311.8375 12.8467 2018/6/25 15:13:23
2.6393 2.7126 73.3135 1.1255 311.8375 11.4140 2018/6/25 15:13:25
2.6393 2.7664 78.2011 1.1254 311.8375 11.7885 2018/6/25 15:13:26
2.6393 2.7028 34.2128 1.1252 311.9000 7.7981 2018/6/25 15:13:28
2.6393 2.7224 73.3135 1.1251 311.9625 11.4159 2018/6/25 15:13:30
2.6393 2.7028 83.0886 1.1249 312.0250 12.1544 2018/6/25 15:13:32
2.6393 2.6931 68.4259 1.1252 311.9000 11.0283 2018/6/25 15:13:34
2.6393 2.6882 73.3135 1.1249 312.0250 11.4168 2018/6/25 15:13:36
2.6393 2.7077 107.5265 1.1249 312.0250 13.8264 2018/6/25 15:13:37
2.6393 2.7224 73.3135 1.1247 312.0875 11.4181 2018/6/25 15:13:39
2.6393 2.7224 68.4259 1.1244 312.1500 11.0322 2018/6/25 15:13:41
2.6393 2.7517 43.9880 1.1246 312.0875 8.8447 2018/6/25 15:13:43
2.6393 2.7077 58.6507 1.1244 312.1500 10.2140 2018/6/25 15:13:45
2.6393 2.7028 78.2011 1.1240 312.2750 11.7961 2018/6/25 15:13:47
2.6393 2.6979 97.7514 1.1239 312.2750 13.1891 2018/6/25 15:13:48
2.6393 2.6784 97.7514 1.1242 312.2125 13.1875 2018/6/25 15:13:50
2.6393 2.6735 63.5383 1.1242 312.2125 10.6319 2018/6/25 15:13:52
2.6393 2.6979 68.4259 1.1246 312.0875 11.0313 2018/6/25 15:13:54
2.6393 2.6833 83.0886 1.1244 312.1500 12.1568 2018/6/25 15:13:56
2.6393 2.6882 102.6390 1.1244 312.1500 13.5117 2018/6/25 15:13:57
2.6393 2.7224 87.9762 1.1242 312.2125 12.5105 2018/6/25 15:13:59
2.6393 2.6637 73.3135 1.1242 312.2125 11.4205 2018/6/25 15:14:1
2.6393 2.6931 92.8638 1.1242 312.2125 12.8532 2018/6/25 15:14:3
2.6393 2.7077 73.3135 1.1239 312.3375 11.4221 2018/6/25 15:14:5
2.6393 2.6784 78.2011 1.1237 312.4000 11.7979 2018/6/25 15:14:7
2.6393 2.6833 24.4377 1.1234 312.4625 6.5958 2018/6/25 15:14:8
2.6393 2.7273 68.4259 1.1236 312.4000 11.0364 2018/6/25 15:14:10
2.6393 2.7370 87.9762 1.1238 312.3375 12.5128 2018/6/25 15:14:12
2.6393 2.6931 63.5383 1.1234 312.4625 10.6355 2018/6/25 15:14:14
2.6393 2.7028 48.8756 1.1231 312.5875 9.3293 2018/6/25 15:14:16
2.6393 2.7175 43.9880 1.1234 312.4625 8.8492 2018/6/25 15:14:18
2.6393 2.7273 83.0886 1.1240 312.2750 12.1592 2018/6/25 15:14:19
2.6393 2.7028 53.7632 1.1238 312.3375 9.7816 2018/6/25 15:14:21
2.6393 2.7126 73.3135 1.1237 312.3375 11.4229 2018/6/25 15:14:23
2.6393 2.7126 53.7632 1.1240 312.2750 9.7810 2018/6/25 15:14:25
2.6393 2.7468 58.6507 1.1236 312.4000 10.2176 2018/6/25 15:14:27
2.6393 2.7126 92.8638 1.1240 312.2750 12.8543 2018/6/25 15:14:29
2.6393 2.6979 53.7632 1.1246 312.0875 9.7783 2018/6/25 15:14:30
2.6393 2.6931 39.1004 1.1251 311.9625 8.3370 2018/6/25 15:14:32
2.6393 2.6833 68.4259 1.1248 312.0250 11.0302 2018/6/25 15:14:34
2.6393 2.7224 43.9880 1.1246 312.0875 8.8445 2018/6/25 15:14:36
2.6393 2.6735 58.6507 1.1247 312.0875 10.2127 2018/6/25 15:14:38
2.6393 2.7419 39.1004 1.1242 312.2125 8.3402 2018/6/25 15:14:40
2.6393 2.7175 102.6390 1.1242 312.2125 13.5128 2018/6/25 15:14:41
2.6393 2.6931 97.7514 1.1242 312.2125 13.1873 2018/6/25 15:14:43
2.6393 2.6931 97.7514 1.1242 312.2125 13.1872 2018/6/25 15:14:45
2.6393 2.7126 9.7747 1.1242 312.2125 4.1700 2018/6/25 15:14:47
2.6393 2.6979 83.0886 1.1245 312.1500 12.1566 2018/6/25 15:14:49
2.6393 2.7077 43.9880 1.1243 312.2125 8.8461 2018/6/25 15:14:51
2.6393 2.7077 48.8756 1.1243 312.2125 9.3245 2018/6/25 15:14:52
2.6393 2.7273 68.4259 1.1241 312.2750 11.0338 2018/6/25 15:14:54
2.6393 2.6491 78.2011 1.1239 312.3375 11.7967 2018/6/25 15:14:56
2.6393 2.7126 53.7632 1.1235 312.4625 9.7830 2018/6/25 15:14:58
2.6393 2.6979 87.9762 1.1231 312.5875 12.5166 2018/6/25 15:15:0
2.6393 2.7028 83.0886 1.1229 312.6500 12.1653 2018/6/25 15:15:2
2.6393 2.7077 48.8756 1.1226 312.7125 9.3315 2018/6/25 15:15:3
2.6393 2.6833 63.5383 1.1227 312.7125 10.6392 2018/6/25 15:15:5
2.6393 2.7419 48.8756 1.1228 312.6500 9.3307 2018/6/25 15:15:7
2.6393 2.7322 68.4259 1.1231 312.5875 11.0388 2018/6/25 15:15:9
2.6393 2.6882 39.1004 1.1239 312.3375 8.3415 2018/6/25 15:15:11
2.6393 2.6882 92.8638 1.1243 312.2125 12.8527 2018/6/25 15:15:13
2.6393 2.6931 19.5501 1.1247 312.0875 5.8962 2018/6/25 15:15:14
2.6393 2.7126 34.2128 1.1245 312.1500 7.8005 2018/6/25 15:15:16
2.6393 2.7175 34.2128 1.1245 312.1500 7.8007 2018/6/25 15:15:18
2.6393 2.7126 92.8638 1.1243 312.2125 12.8530 2018/6/25 15:15:20
2.6393 2.6979 83.0886 1.1242 312.2750 12.1583 2018/6/25 15:15:22
2.6393 2.7273 92.8638 1.1240 312.3375 12.8547 2018/6/25 15:15:24
2.6393 2.6686 53.7632 1.1243 312.2125 9.7795 2018/6/25 15:15:25
2.6393 2.6882 43.9880 1.1246 312.1500 8.8445 2018/6/25 15:15:27
2.6393 2.7126 63.5383 1.1256 311.8375 10.6252 2018/6/25 15:15:29
2.6393 2.6833 48.8756 1.1259 311.7750 9.3180 2018/6/25 15:15:31
2.6393 2.7028 58.6507 1.1263 311.6500 10.2052 2018/6/25 15:15:33
2.6393 2.7028 73.3135 1.1266 311.5875 11.4086 2018/6/25 15:15:35
2.6393 2.7126 68.4259 1.1266 311.5875 11.0217 2018/6/25 15:15:36
2.6393 2.7370 73.3135 1.1263 311.6500 11.4098 2018/6/25 15:15:38
2.6393 2.6833 24.4377 1.1263 311.6500 6.5874 2018/6/25 15:15:40
2.6393 2.7224 73.3135 1.1259 311.7750 11.4120 2018/6/25 15:15:42
2.6393 2.7028 39.1004 1.1259 311.7750 8.3339 2018/6/25 15:15:44
2.6393 2.6882 48.8756 1.1257 311.8375 9.3187 2018/6/25 15:15:46
2.6393 2.7126 73.3135 1.1258 311.7750 11.4124 2018/6/25 15:15:47
2.6393 2.6833 78.2011 1.1258 311.7750 11.7866 2018/6/25 15:15:49
2.6393 2.6882 78.2011 1.1258 311.7750 11.7866 2018/6/25 15:15:51
2.6393 2.7126 92.8638 1.1256 311.8375 12.8456 2018/6/25 15:15:53
2.6393 2.6882 68.4259 1.1254 311.9000 11.0272 2018/6/25 15:15:55
2.6393 2.7077 73.3135 1.1258 311.7750 11.4123 2018/6/25 15:15:57
2.6393 2.6931 68.4259 1.1257 311.8375 11.0260 2018/6/25 15:15:58
2.6393 2.7028 58.6507 1.1254 311.9000 10.2094 2018/6/25 15:16:0
2.6393 2.7126 97.7514 1.1253 311.9625 13.1810 2018/6/25 15:16:2
2.6393 2.6833 97.7514 1.1250 312.0250 13.1826 2018/6/25 15:16:4
2.6393 2.6735 83.0886 1.1250 312.0250 12.1540 2018/6/25 15:16:6
2.6393 2.6882 78.2011 1.1246 312.1500 11.7930 2018/6/25 15:16:8
2.6393 2.7370 43.9880 1.1245 312.1500 8.8449 2018/6/25 15:16:9
2.6393 2.7175 73.3135 1.1241 312.2750 11.4210 2018/6/25 15:16:11
2.6393 2.7468 68.4259 1.1239 312.3375 11.0348 2018/6/25 15:16:13
2.6393 2.7126 102.6390 1.1239 312.3375 13.5147 2018/6/25 15:16:15
2.6393 2.7028 53.7632 1.1246 312.1500 9.7784 2018/6/25 15:16:17
2.6393 2.6637 73.3135 1.1249 312.0250 11.4169 2018/6/25 15:16:19
2.6393 2.7273 68.4259 1.1251 311.9625 11.0287 2018/6/25 15:16:20
2.6393 2.6931 53.7632 1.1254 311.9000 9.7748 2018/6/25 15:16:22
2.6393 2.7175 87.9762 1.1249 312.0250 12.5064 2018/6/25 15:16:24
2.6393 2.7028 92.8638 1.1250 312.0250 12.8490 2018/6/25 15:16:26
2.6393 2.7322 73.3135 1.1247 312.0875 11.4178 2018/6/25 15:16:28
2.6393 2.7028 48.8756 1.1245 312.1500 9.3234 2018/6/25 15:16:30
2.6393 2.7273 63.5383 1.1243 312.2125 10.6314 2018/6/25 15:16:31
2.6393 2.6979 39.1004 1.1241 312.2750 8.3406 2018/6/25 15:16:33
2.6393 2.6735 63.5383 1.1237 312.4000 10.6342 2018/6/25 15:16:35
2.6393 2.7370 78.2011 1.1235 312.4625 11.7987 2018/6/25 15:16:37
2.6393 2.7224 68.4259 1.1235 312.4625 11.0367 2018/6/25 15:16:39
2.6393 2.6735 63.5383 1.1235 312.4625 10.6351 2018/6/25 15:16:41
2.6393 2.7175 53.7632 1.1235 312.4625 9.7829 2018/6/25 15:16:42
2.6393 2.6784 63.5383 1.1232 312.5875 10.6368 2018/6/25 15:16:44
2.6393 2.7370 34.2128 1.1235 312.4625 7.8040 2018/6/25 15:16:46
2.6393 2.7077 83.0886 1.1231 312.5875 12.1638 2018/6/25 15:16:48
2.6393 2.7224 58.6507 1.1228 312.6500 10.2210 2018/6/25 15:16:50
2.6393 2.6931 78.2011 1.1229 312.6500 11.8017 2018/6/25 15:16:52
2.6393 2.7175 53.7632 1.1236 312.4625 9.7827 2018/6/25 15:16:53
2.6393 2.7175 87.9762 1.1243 312.2750 12.5100 2018/6/25 15:16:55
2.6393 2.7077 68.4259 1.1242 312.2750 11.0331 2018/6/25 15:16:57
2.6393 2.7028 68.4259 1.1256 311.9000 11.0266 2018/6/25 15:16:59
2.6393 2.7077 68.4259 1.1262 311.7125 11.0235 2018/6/25 15:17:1
2.6393 2.6882 87.9762 1.1259 311.7750 12.5010 2018/6/25 15:17:3
2.6393 2.7126 92.8638 1.1256 311.8375 12.8454 2018/6/25 15:17:4
2.6393 2.7322 19.5501 1.1252 311.9625 5.8949 2018/6/25 15:17:6
2.6393 2.7126 58.6507 1.1252 311.9625 10.2101 2018/6/25 15:17:8
2.6393 2.7077 68.4259 1.1250 312.0250 11.0293 2018/6/25 15:17:10
2.6393 2.7077 83.0886 1.1248 312.0875 12.1550 2018/6/25 15:17:12
2.6393 2.7273 63.5383 1.1247 312.0875 10.6294 2018/6/25 15:17:14
2.6393 2.7273 68.4259 1.1246 312.1500 11.0315 2018/6/25 15:17:15
2.6393 2.7028 48.8756 1.1241 312.2750 9.3252 2018/6/25 15:17:17
2.6393 2.7126 68.4259 1.1242 312.2750 11.0334 2018/6/25 15:17:19
2.6393 2.7028 63.5383 1.1244 312.2125 10.6312 2018/6/25 15:17:21
2.6393 2.7224 107.5265 1.1241 312.2750 13.8315 2018/6/25 15:17:23
2.6393 2.6931 78.2011 1.1239 312.3375 11.7965 2018/6/25 15:17:25
2.6393 2.7077 78.2011 1.1238 312.4000 11.7973 2018/6/25 15:17:26
2.6393 2.6637 39.1004 1.1236 312.4625 8.3425 2018/6/25 15:17:28
2.6393 2.6931 39.1004 1.1236 312.4625 8.3426 2018/6/25 15:17:30
2.6393 2.7370 63.5383 1.1237 312.4000 10.6343 2018/6/25 15:17:32
2.6393 2.7175 43.9880 1.1235 312.4625 8.8491 2018/6/25 15:17:34
2.6393 2.7077 19.5501 1.1231 312.5875 5.9004 2018/6/25 15:17:36
2.6393 2.7077 43.9880 1.1230 312.5875 8.8508 2018/6/25 15:17:37
2.6393 2.6833 58.6507 1.1229 312.6500 10.2208 2018/6/25 15:17:39
2.6393 2.7468 39.1004 1.1234 312.5250 8.3434 2018/6/25 15:17:41
2.6393 2.7322 102.6390 1.1247 312.1500 13.5102 2018/6/25 15:17:43
2.6393 2.7028 87.9762 1.1250 312.0250 12.5061 2018/6/25 15:17:45
2.6393 2.7077 68.4259 1.1247 312.0875 11.0307 2018/6/25 15:17:47
2.6393 2.7077 63.5383 1.1245 312.1500 10.6305 2018/6/25 15:17:48
2.6393 2.6979 63.5383 1.1241 312.2750 10.6322 2018/6/25 15:17:50
2.6393 2.7370 102.6390 1.1242 312.2750 13.5130 2018/6/25 15:17:52
2.6393 2.7468 97.7514 1.1244 312.2125 13.1861 2018/6/25 15:17:54
2.6393 2.7077 87.9762 1.1240 312.3375 12.5118 2018/6/25 15:17:56
2.6393 2.7028 39.1004 1.1238 312.4000 8.3418 2018/6/25 15:17:57
2.6393 2.7224 87.9762 1.1236 312.4625 12.5138 2018/6/25 15:17:59
2.6393 2.6882 68.4259 1.1238 312.4000 11.0353 2018/6/25 15:18:1
2.6393 2.7224 48.8756 1.1237 312.4000 9.3267 2018/6/25 15:18:3
2.6393 2.7322 48.8756 1.1240 312.3375 9.3258 2018/6/25 15:18:5
2.6393 2.7077 87.9762 1.1238 312.4000 12.5128 2018/6/25 15:18:7
2.6393 2.7370 68.4259 1.1235 312.4625 11.0365 2018/6/25 15:18:9
2.6393 2.6833 58.6507 1.1235 312.4625 10.2178 2018/6/25 15:18:10
2.6393 2.6882 87.9762 1.1234 312.5250 12.5151 2018/6/25 15:18:12
2.6393 2.6686 73.3135 1.1231 312.5875 11.4259 2018/6/25 15:18:14
2.6393 2.7175 83.0886 1.1229 312.6500 12.1650 2018/6/25 15:18:16
2.6393 2.6735 73.3135 1.1228 312.6500 11.4274 2018/6/25 15:18:18
2.6393 2.7077 63.5383 1.1235 312.4625 10.6354 2018/6/25 15:18:19
2.6393 2.6882 53.7632 1.1239 312.3375 9.7811 2018/6/25 15:18:21
2.6393 2.7028 83.0886 1.1242 312.2750 12.1583 2018/6/25 15:18:23
2.6393 2.7175 73.3135 1.1241 312.2750 11.4208 2018/6/25 15:18:25
2.6393 2.6882 68.4259 1.1246 312.1500 11.0315 2018/6/25 15:18:27
2.6393 2.7419 53.7632 1.1248 312.0875 9.7775 2018/6/25 15:18:29
2.6393 2.7273 68.4259 1.1246 312.1500 11.0315 2018/6/25 15:18:30
2.6393 2.6979 34.2128 1.1244 312.2125 7.8011 2018/6/25 15:18:32
2.6393 2.6931 63.5383 1.1241 312.2750 10.6321 2018/6/25 15:18:34
2.6393 2.7175 43.9880 1.1241 312.2750 8.8466 2018/6/25 15:18:36
2.6393 2.7126 92.8638 1.1241 312.2750 12.8538 2018/6/25 15:18:38
2.6393 2.6979 83.0886 1.1242 312.2750 12.1581 2018/6/25 15:18:40
2.6393 2.7126 83.0886 1.1242 312.2750 12.1579 2018/6/25 15:18:41
2.6393 2.6833 68.4259 1.1242 312.2750 11.0331 2018/6/25 15:18:43
2.6393 2.6637 92.8638 1.1242 312.2750 12.8534 2018/6/25 15:18:45
2.6393 2.6784 63.5383 1.1240 312.3375 10.6326 2018/6/25 15:18:47
2.6393 2.7322 68.4259 1.1236 312.4625 11.0361 2018/6/25 15:18:49
2.6393 2.7126 102.6390 1.1234 312.5250 13.5176 2018/6/25 15:18:51
2.6393 2.7126 34.2128 1.1236 312.4625 7.8036 2018/6/25 15:18:52
2.6393 2.7028 92.8638 1.1232 312.5875 12.8590 2018/6/25 15:18:54
2.6393 2.6979 102.6390 1.1230 312.6500 13.5200 2018/6/25 15:18:56
2.6393 2.6882 68.4259 1.1237 312.4625 11.0356 2018/6/25 15:18:58
2.6393 2.7028 34.2128 1.1241 312.3375 7.8020 2018/6/25 15:19:0
2.6393 2.6931 68.4259 1.1241 312.3375 11.0339 2018/6/25 15:19:2
2.6393 2.7224 92.8638 1.1240 312.3375 12.8544 2018/6/25 15:19:3
2.6393 2.7224 78.2011 1.1242 312.2750 11.7948 2018/6/25 15:19:5
2.6393 2.6979 87.9762 1.1240 312.3375 12.5114 2018/6/25 15:19:7
2.6393 2.6637 39.1004 1.1238 312.4000 8.3418 2018/6/25 15:19:9
2.6393 2.7468 73.3135 1.1236 312.4625 11.4236 2018/6/25 15:19:11
2.6393 2.6979 39.1004 1.1234 312.5250 8.3433 2018/6/25 15:19:13
2.6393 2.7028 68.4259 1.1230 312.6500 11.0392 2018/6/25 15:19:14
2.6393 2.6931 83.0886 1.1232 312.5875 12.1637 2018/6/25 15:19:16
2.6393 2.7175 63.5383 1.1234 312.5250 10.6357 2018/6/25 15:19:18
2.6393 2.7224 58.6507 1.1234 312.5250 10.2184 2018/6/25 15:19:20
2.6393 2.7517 83.0886 1.1246 312.0875 12.1559 2018/6/25 15:19:22
2.6393 2.7077 53.7632 1.1248 312.0875 9.7775 2018/6/25 15:19:24
2.6393 2.7077 83.0886 1.1245 312.1500 12.1562 2018/6/25 15:19:25
2.6393 2.7224 29.3252 1.1253 311.9625 7.2195 2018/6/25 15:19:27
2.6393 2.7322 78.2011 1.1253 311.9625 11.7895 2018/6/25 15:19:29
2.6393 2.7028 29.3252 1.1252 311.9625 7.2196 2018/6/25 15:19:31
2.6393 2.7126 107.5265 1.1256 311.8375 13.8220 2018/6/25 15:19:33
2.6393 2.7322 43.9880 1.1257 311.8375 8.8405 2018/6/25 15:19:35
2.6393 2.7028 68.4259 1.1255 311.9000 11.0269 2018/6/25 15:19:36
2.6393 2.7224 58.6507 1.1257 311.8375 10.2080 2018/6/25 15:19:38
2.6393 2.6833 58.6507 1.1255 311.9000 10.2090 2018/6/25 15:19:40
2.6393 2.7224 87.9762 1.1254 311.9000 12.5036 2018/6/25 15:19:42
2.6393 2.6931 68.4259 1.1255 311.9000 11.0271 2018/6/25 15:19:44
2.6393 2.6882 83.0886 1.1252 311.9625 12.1526 2018/6/25 15:19:46
2.6393 2.7419 87.9762 1.1248 312.0875 12.5070 2018/6/25 15:19:47
2.6393 2.7126 92.8638 1.1246 312.1500 12.8512 2018/6/25 15:19:49
2.6393 2.7175 58.6507 1.1246 312.1500 10.2128 2018/6/25 15:19:51
2.6393 2.7126 97.7514 1.1249 312.0875 13.1834 2018/6/25 15:19:53
2.6393 2.7224 87.9762 1.1244 312.2125 12.5093 2018/6/25 15:19:55
2.6393 2.6833 14.6623 1.1240 312.3375 5.1077 2018/6/25 15:19:57
2.6393 2.6979 92.8638 1.1240 312.3375 12.8545 2018/6/25 15:19:58
2.6393 2.7077 58.6507 1.1240 312.3375 10.2157 2018/6/25 15:20:0
2.6393 2.6979 53.7632 1.1238 312.4000 9.7816 2018/6/25 15:20:2
2.6393 2.7322 63.5383 1.1238 312.4000 10.6338 2018/6/25 15:20:4
2.6393 2.7419 92.8638 1.1242 312.2750 12.8533 2018/6/25 15:20:6
2.6393 2.7322 87.9762 1.1239 312.3375 12.5121 2018/6/25 15:20:8
2.6393 2.6979 92.8638 1.1238 312.4000 12.8558 2018/6/25 15:20:9
2.6393 2.6686 73.3135 1.1242 312.2750 11.4206 2018/6/25 15:20:11
2.6393 2.6931 92.8638 1.1242 312.2750 12.8533 2018/6/25 15:20:13
2.6393 2.7126 73.3135 1.1240 312.3375 11.4215 2018/6/25 15:20:15
2.6393 2.6882 78.2011 1.1247 312.1500 11.7926 2018/6/25 15:20:17
2.6393 2.6735 48.8756 1.1246 312.1500 9.3231 2018/6/25 15:20:19
2.6393 2.6931 78.2011 1.1244 312.2125 11.7939 2018/6/25 15:20:20
2.6393 2.7370 97.7514 1.1244 312.2125 13.1861 2018/6/25 15:20:22
2.6393 2.6784 83.0886 1.1251 312.0250 12.1534 2018/6/25 15:20:24
2.6393 2.6931 92.8638 1.1257 311.8375 12.8447 2018/6/25 15:20:26
2.6393 2.6931 92.8638 1.1259 311.7750 12.8434 2018/6/25 15:20:28
2.6393 2.7322 87.9762 1.1262 311.7125 12.4996 2018/6/25 15:20:30
2.6393 2.7077 73.3135 1.1259 311.7750 11.4117 2018/6/25 15:20:31
2.6393 2.7126 78.2011 1.1257 311.8375 11.7870 2018/6/25 15:20:33
2.6393 2.7028 83.0886 1.1257 311.8375 12.1502 2018/6/25 15:20:35
2.6393 2.6931 34.2128 1.1254 311.9000 7.7974 2018/6/25 15:20:37
2.6393 2.6931 68.4259 1.1255 311.9000 11.0268 2018/6/25 15:20:39
2.6393 2.6784 107.5265 1.1257 311.8375 13.8215 2018/6/25 15:20:41
2.6393 2.6882 34.2128 1.1261 311.7125 7.7951 2018/6/25 15:20:42
2.6393 2.7224 102.6390 1.1260 311.7750 13.5019 2018/6/25 15:20:44
2.6393 2.7224 73.3135 1.1267 311.5875 11.4080 2018/6/25 15:20:46
2.6393 2.7224 107.5265 1.1271 311.4625 13.8129 2018/6/25 15:20:48
2.6393 2.6931 48.8756 1.1269 311.5250 9.3138 2018/6/25 15:20:50
2.6393 2.6833 68.4259 1.1266 311.5875 11.0213 2018/6/25 15:20:52
2.6393 2.7028 63.5383 1.1264 311.6500 10.6215 2018/6/25 15:20:53
2.6393 2.6833 48.8756 1.1262 311.7125 9.3167 2018/6/25 15:20:55
2.6393 2.7370 92.8638 1.1259 311.7750 12.8434 2018/6/25 15:20:57
2.6393 2.7077 78.2011 1.1257 311.8375 11.7873 2018/6/25 15:20:59
2.6393 2.7224 87.9762 1.1253 311.9625 12.5044 2018/6/25 15:21:1
2.6393 2.6979 53.7632 1.1251 312.0250 9.7762 2018/6/25 15:21:3
2.6393 2.6882 68.4259 1.1249 312.0875 11.0301 2018/6/25 15:21:4
2.6393 2.6833 39.1004 1.1257 311.8375 8.3348 2018/6/25 15:21:6
2.6393 2.6833 78.2011 1.1260 311.7750 11.7856 2018/6/25 15:21:8
2.6393 2.7077 73.3135 1.1262 311.7125 11.4104 2018/6/25 15:21:10
2.6393 2.7175 102.6390 1.1258 311.8375 13.5036 2018/6/25 15:21:12
2.6393 2.7370 63.5383 1.1259 311.7750 10.6238 2018/6/25 15:21:14
2.6393 2.7175 39.1004 1.1264 311.6500 8.3322 2018/6/25 15:21:15
2.6393 2.7028 122.1893 1.1262 311.7125 14.7309 2018/6/25 15:21:17
2.6393 2.6882 48.8756 1.1264 311.6500 9.3157 2018/6/25 15:21:19
2.6393 2.6784 39.1004 1.1269 311.5250 8.3303 2018/6/25 15:21:21
2.6393 2.6784 68.4259 1.1271 311.4625 11.0191 2018/6/25 15:21:23
2.6393 2.7273 43.9880 1.1269 311.5250 8.8356 2018/6/25 15:21:25
2.6393 2.7175 92.8638 1.1273 311.4000 12.8356 2018/6/25 15:21:26
2.6393 2.7126 53.7632 1.1273 311.4000 9.7665 2018/6/25 15:21:28
2.6393 2.6735 83.0886 1.1273 311.4000 12.1412 2018/6/25 15:21:30
2.6393 2.6833 53.7632 1.1270 311.4625 9.7676 2018/6/25 15:21:32
2.6393 2.6979 78.2011 1.1270 311.4625 11.7801 2018/6/25 15:21:34
2.6393 2.7175 92.8638 1.1271 311.4625 12.8368 2018/6/25 15:21:36
2.6393 2.7322 19.5501 1.1274 311.3375 5.8890 2018/6/25 15:21:37
2.6393 2.7273 48.8756 1.1271 311.4625 9.3129 2018/6/25 15:21:39
2.6393 2.7273 39.1004 1.1268 311.5250 8.3306 2018/6/25 15:21:41
2.6393 2.6833 83.0886 1.1268 311.5250 12.1440 2018/6/25 15:21:43
2.6393 2.7224 39.1004 1.1268 311.5250 8.3307 2018/6/25 15:21:45
2.6393 2.7028 63.5383 1.1268 311.5250 10.6196 2018/6/25 15:21:47
2.6393 2.7273 9.7747 1.1268 311.5250 4.1653 2018/6/25 15:21:48
2.6393 2.6833 48.8756 1.1265 311.5875 9.3152 2018/6/25 15:21:50
2.6393 2.6979 68.4259 1.1261 311.7125 11.0237 2018/6/25 15:21:52
2.6393 2.7077 63.5383 1.1259 311.7750 10.6237 2018/6/25 15:21:54
2.6393 2.7224 87.9762 1.1257 311.8375 12.5024 2018/6/25 15:21:56
2.6393 2.7273 58.6507 1.1255 311.9000 10.2091 2018/6/25 15:21:58
2.6393 2.6979 48.8756 1.1250 312.0250 9.3213 2018/6/25 15:21:59
2.6393 2.7273 48.8756 1.1248 312.0875 9.3225 2018/6/25 15:22:1
2.6393 2.6833 73.3135 1.1244 312.2125 11.4197 2018/6/25 15:22:3
2.6393 2.6979 34.2128 1.1242 312.2750 7.8017 2018/6/25 15:22:5
2.6393 2.7126 87.9762 1.1242 312.2750 12.5105 2018/6/25 15:22:7
2.6393 2.6931 63.5383 1.1240 312.3375 10.6331 2018/6/25 15:22:9
2.6393 2.6931 68.4259 1.1234 312.5250 11.0371 2018/6/25 15:22:10
2.6393 2.6735 34.2128 1.1230 312.6500 7.8058 2018/6/25 15:22:12
2.6393 2.6931 102.6390 1.1228 312.7125 13.5216 2018/6/25 15:22:14
2.6393 2.6979 83.0886 1.1225 312.7750 12.1672 2018/6/25 15:22:16
2.6393 2.7468 73.3135 1.1221 312.9000 11.4314 2018/6/25 15:22:18
2.6393 2.7322 58.6507 1.1219 312.9625 10.2253 2018/6/25 15:22:19
2.6393 2.7224 112.4141 1.1221 312.9000 14.1549 2018/6/25 15:22:21
2.6393 2.6637 48.8756 1.1227 312.7125 9.3309 2018/6/25 15:22:23
2.6393 2.7224 63.5383 1.1235 312.5250 10.6354 2018/6/25 15:22:25
2.6393 2.6931 68.4259 1.1241 312.3375 11.0339 2018/6/25 15:22:27
2.6393 2.6882 48.8756 1.1246 312.1500 9.3232 2018/6/25 15:22:29
2.6393 2.6882 78.2011 1.1244 312.2125 11.7940 2018/6/25 15:22:30
2.6393 2.6979 39.1004 1.1247 312.1500 8.3386 2018/6/25 15:22:32
2.6393 2.6882 48.8756 1.1253 311.9625 9.3202 2018/6/25 15:22:34
2.6393 2.7126 83.0886 1.1256 311.8375 12.1504 2018/6/25 15:22:36
2.6393 2.6931 97.7514 1.1270 311.4625 13.1706 2018/6/25 15:22:38
2.6393 2.6588 58.6507 1.1288 311.0250 10.1941 2018/6/25 15:22:40
2.6393 2.7077 97.7514 1.1285 311.0875 13.1618 2018/6/25 15:22:41
2.6393 2.6784 58.6507 1.1281 311.2125 10.1970 2018/6/25 15:22:43
2.6393 2.7517 83.0886 1.1292 310.9000 12.1310 2018/6/25 15:22:45
2.6393 2.7175 48.8756 1.1298 310.7125 9.3015 2018/6/25 15:22:47
2.6393 2.7370 102.6390 1.1296 310.7750 13.4807 2018/6/25 15:22:49
2.6393 2.7028 92.8638 1.1302 310.5875 12.8190 2018/6/25 15:22:51
2.6393 2.6882 87.9762 1.1302 310.5875 12.4772 2018/6/25 15:22:52
2.6393 2.7175 29.3252 1.1302 310.5875 7.2037 2018/6/25 15:22:54
2.6393 2.6882 34.2128 1.1309 310.4000 7.7786 2018/6/25 15:22:56
2.6393 2.6735 87.9762 1.1304 310.5250 12.4759 2018/6/25 15:22:58
2.6393 2.7175 92.8638 1.1304 310.5250 12.8182 2018/6/25 15:23:0
2.6393 2.7028 48.8756 1.1306 310.4625 9.2982 2018/6/25 15:23:2
2.6393 2.6833 87.9762 1.1304 310.5250 12.4760 2018/6/25 15:23:3
2.6393 2.7175 24.4377 1.1300 310.6500 6.5767 2018/6/25 15:23:5
2.6393 2.7517 68.4259 1.1300 310.6500 11.0049 2018/6/25 15:23:7
2.6393 2.6784 78.2011 1.1302 310.5875 11.7638 2018/6/25 15:23:9
2.6393 2.6979 107.5265 1.1305 310.4625 13.7923 2018/6/25 15:23:11
2.6393 2.7468 78.2011 1.1313 310.2750 11.7582 2018/6/25 15:23:13
2.6393 2.6979 9.7747 1.1307 310.4625 4.1581 2018/6/25 15:23:14
2.6393 2.7615 78.2011 1.1303 310.5875 11.7633 2018/6/25 15:23:16
2.6393 2.6979 58.6507 1.1303 310.5875 10.1873 2018/6/25 15:23:18
2.6393 2.7322 48.8756 1.1305 310.5250 9.2987 2018/6/25 15:23:20
2.6393 2.7322 58.6507 1.1305 310.5250 10.1863 2018/6/25 15:23:22
2.6393 2.6931 73.3135 1.1300 310.6500 11.3910 2018/6/25 15:23:24
2.6393 2.6784 102.6390 1.1298 310.7125 13.4793 2018/6/25 15:23:25
2.6393 2.6979 29.3252 1.1294 310.8375 7.2062 2018/6/25 15:23:27
2.6393 2.7468 117.3017 1.1294 310.8375 14.4127 2018/6/25 15:23:29
2.6393 2.6882 63.5383 1.1295 310.7750 10.6069 2018/6/25 15:23:31
2.6393 2.7370 73.3135 1.1297 310.7125 11.3927 2018/6/25 15:23:33
2.6393 2.7273 68.4259 1.1296 310.7750 11.0069 2018/6/25 15:23:35
2.6393 2.7273 102.6390 1.1294 310.8375 13.4816 2018/6/25 15:23:36
2.6393 2.7028 97.7514 1.1294 310.8375 13.1567 2018/6/25 15:23:38
2.6393 2.6833 63.5383 1.1290 310.9625 10.6090 2018/6/25 15:23:40
2.6393 2.6784 43.9880 1.1290 310.9625 8.8276 2018/6/25 15:23:42
2.6393 2.6882 68.4259 1.1287 311.0250 11.0112 2018/6/25 15:23:44
2.6393 2.6931 43.9880 1.1285 311.0875 8.8293 2018/6/25 15:23:46
2.6393 2.6784 83.0886 1.1283 311.1500 12.1361 2018/6/25 15:23:47
2.6393 2.7028 68.4259 1.1284 311.0875 11.0126 2018/6/25 15:23:49
2.6393 2.6931 43.9880 1.1282 311.1500 8.8306 2018/6/25 15:23:51
2.6393 2.7175 39.1004 1.1283 311.1500 8.3254 2018/6/25 15:23:53
2.6393 2.6931 83.0886 1.1278 311.2750 12.1388 2018/6/25 15:23:55
2.6393 2.6833 19.5501 1.1277 311.2750 5.8882 2018/6/25 15:23:57
2.6393 2.6882 87.9762 1.1275 311.3375 12.4924 2018/6/25 15:23:58
2.6393 2.6833 58.6507 1.1270 311.4625 10.2020 2018/6/25 15:24:0
2.6393 2.7126 68.4259 1.1268 311.5250 11.0206 2018/6/25 15:24:2
2.6393 2.7077 53.7632 1.1264 311.6500 9.7703 2018/6/25 15:24:4
2.6393 2.6784 39.1004 1.1262 311.7125 8.3329 2018/6/25 15:24:6
2.6393 2.6882 83.0886 1.1259 311.7750 12.1486 2018/6/25 15:24:8
2.6393 2.6735 29.3252 1.1255 311.9000 7.2187 2018/6/25 15:24:9
2.6393 2.7175 63.5383 1.1252 311.9625 10.6270 2018/6/25 15:24:11
2.6393 2.7273 39.1004 1.1254 311.9000 8.3357 2018/6/25 15:24:13
2.6393 2.7175 39.1004 1.1259 311.7750 8.3340 2018/6/25 15:24:15
2.6393 2.7175 43.9880 1.1261 311.7125 8.8389 2018/6/25 15:24:17
2.6393 2.6979 58.6507 1.1267 311.5250 10.2033 2018/6/25 15:24:19
2.6393 2.7175 63.5383 1.1282 311.1500 10.6130 2018/6/25 15:24:20
2.6393 2.7224 73.3135 1.1277 311.2750 11.4026 2018/6/25 15:24:22
2.6393 2.6882 43.9880 1.1274 311.3375 8.8336 2018/6/25 15:24:24
2.6393 2.6784 68.4259 1.1272 311.4000 11.0184 2018/6/25 15:24:26
2.6393 2.6637 39.1004 1.1270 311.4625 8.3300 2018/6/25 15:24:28
2.6393 2.7175 73.3135 1.1270 311.4625 11.4061 2018/6/25 15:24:30
2.6393 2.7224 87.9762 1.1268 311.5250 12.4959 2018/6/25 15:24:31
2.6393 2.7322 24.4377 1.1273 311.4000 6.5845 2018/6/25 15:24:33
2.6393 2.6979 87.9762 1.1273 311.4000 12.4934 2018/6/25 15:24:35
2.6393 2.7126 53.7632 1.1273 311.4000 9.7665 2018/6/25 15:24:37
2.6393 2.7175 48.8756 1.1273 311.4000 9.3120 2018/6/25 15:24:39
2.6393 2.7224 97.7514 1.1268 311.5250 13.1718 2018/6/25 15:24:41
2.6393 2.7126 107.5265 1.1269 311.5250 13.8145 2018/6/25 15:24:42
2.6393 2.7224 78.2011 1.1271 311.4625 11.7798 2018/6/25 15:24:44
2.6393 2.6735 92.8638 1.1268 311.5250 12.8384 2018/6/25 15:24:46
2.6393 2.7419 78.2011 1.1268 311.5250 11.7812 2018/6/25 15:24:48
2.6393 2.7175 58.6507 1.1268 311.5250 10.2029 2018/6/25 15:24:50
2.6393 2.7224 43.9880 1.1266 311.5875 8.8367 2018/6/25 15:24:52
2.6393 2.7175 43.9880 1.1264 311.6500 8.8377 2018/6/25 15:24:53
2.6393 2.7028 68.4259 1.1260 311.7750 11.0244 2018/6/25 15:24:55
2.6393 2.6882 39.1004 1.1258 311.8375 8.3346 2018/6/25 15:24:57
2.6393 2.6931 39.1004 1.1257 311.8375 8.3348 2018/6/25 15:24:59
2.6393 2.6882 102.6390 1.1253 311.9625 13.5063 2018/6/25 15:25:1
2.6393 2.7273 39.1004 1.1253 311.9625 8.3364 2018/6/25 15:25:3
2.6393 2.7028 43.9880 1.1249 312.0875 8.8437 2018/6/25 15:25:4
2.6393 2.7273 58.6507 1.1253 311.9625 10.2099 2018/6/25 15:25:6
2.6393 2.6784 58.6507 1.1249 312.0875 10.2118 2018/6/25 15:25:8
2.6393 2.6931 87.9762 1.1244 312.2125 12.5092 2018/6/25 15:25:10
2.6393 2.7077 68.4259 1.1248 312.0875 11.0304 2018/6/25 15:25:12
2.6393 2.6931 68.4259 1.1248 312.0875 11.0304 2018/6/25 15:25:14
2.6393 2.7175 43.9880 1.1246 312.1500 8.8447 2018/6/25 15:25:15
2.6393 2.6833 63.5383 1.1245 312.2125 10.6306 2018/6/25 15:25:17
2.6393 2.6882 63.5383 1.1246 312.1500 10.6298 2018/6/25 15:25:19
2.6393 2.6979 58.6507 1.1246 312.1500 10.2131 2018/6/25 15:25:21
2.6393 2.7224 92.8638 1.1242 312.2750 12.8535 2018/6/25 15:25:23
2.6393 2.7077 -0.0005 1.1238 312.4000 nan 2018/6/25 15:25:25
2.6393 2.7028 73.3135 1.1236 312.4625 11.4233 2018/6/25 15:25:26
2.6393 2.6588 39.1004 1.1234 312.5250 8.3432 2018/6/25 15:25:28
2.6393 2.6784 92.8638 1.1232 312.5875 12.8589 2018/6/25 15:25:30
2.6393 2.7224 78.2011 1.1230 312.6500 11.8014 2018/6/25 15:25:32
2.6393 2.7077 53.7632 1.1227 312.7125 9.7864 2018/6/25 15:25:34
2.6393 2.7028 112.4141 1.1231 312.5875 14.1486 2018/6/25 15:25:36
2.6393 2.6979 58.6507 1.1231 312.5875 10.2199 2018/6/25 15:25:37
2.6393 2.6833 97.7514 1.1228 312.6500 13.1953 2018/6/25 15:25:39
2.6393 2.7126 58.6507 1.1228 312.6500 10.2211 2018/6/25 15:25:41
2.6393 2.7077 68.4259 1.1230 312.5875 11.0390 2018/6/25 15:25:43
2.6393 2.6979 58.6507 1.1233 312.5250 10.2191 2018/6/25 15:25:45
2.6393 2.7077 58.6507 1.1236 312.4000 10.2174 2018/6/25 15:25:47
2.6393 2.7077 58.6507 1.1237 312.4000 10.2172 2018/6/25 15:25:48
2.6393 2.6735 78.2011 1.1235 312.4625 11.7989 2018/6/25 15:25:50
2.6393 2.7468 102.6390 1.1233 312.5250 13.5185 2018/6/25 15:25:52
2.6393 2.6637 78.2011 1.1231 312.5875 11.8010 2018/6/25 15:25:54
2.6393 2.7077 48.8756 1.1233 312.5250 9.3286 2018/6/25 15:25:56
2.6393 2.6931 43.9880 1.1249 312.0250 8.8434 2018/6/25 15:25:58
2.6393 2.6931 58.6507 1.1256 311.8375 10.2084 2018/6/25 15:25:59
2.6393 2.6931 102.6390 1.1256 311.8375 13.5047 2018/6/25 15:26:1
2.6393 2.7077 58.6507 1.1258 311.7750 10.2076 2018/6/25 15:26:3
2.6393 2.7370 58.6507 1.1256 311.8375 10.2085 2018/6/25 15:26:5
2.6393 2.7028 68.4259 1.1257 311.7750 11.0258 2018/6/25 15:26:7
2.6393 2.7273 102.6390 1.1256 311.8375 13.5048 2018/6/25 15:26:9
2.6393 2.7322 73.3135 1.1258 311.7750 11.4125 2018/6/25 15:26:10
2.6393 2.7322 43.9880 1.1260 311.7125 8.8392 2018/6/25 15:26:12
2.6393 2.7028 102.6390 1.1258 311.7750 13.5034 2018/6/25 15:26:14
2.6393 2.6833 53.7632 1.1258 311.7750 9.7731 2018/6/25 15:26:16
2.6393 2.6931 58.6507 1.1258 311.7750 10.2074 2018/6/25 15:26:18
2.6393 2.7224 34.2128 1.1259 311.7750 7.7958 2018/6/25 15:26:19
2.6393 2.7175 107.5265 1.1256 311.8375 13.8224 2018/6/25 15:26:21
2.6393 2.6588 68.4259 1.1255 311.8375 11.0267 2018/6/25 15:26:23
2.6393 2.7224 43.9880 1.1253 311.9000 8.8418 2018/6/25 15:26:25
2.6393 2.7175 68.4259 1.1251 311.9625 11.0287 2018/6/25 15:26:27
2.6393 2.7028 73.3135 1.1249 312.0250 11.4167 2018/6/25 15:26:29
2.6393 2.7077 48.8756 1.1249 312.0250 9.3218 2018/6/25 15:26:30
2.6393 2.6931 83.0886 1.1249 312.0250 12.1543 2018/6/25 15:26:32
2.6393 2.6637 73.3135 1.1249 312.0250 11.4169 2018/6/25 15:26:34
2.6393 2.6833 34.2128 1.1247 312.0875 7.8000 2018/6/25 15:26:36
2.6393 2.6979 73.3135 1.1247 312.0875 11.4181 2018/6/25 15:26:38
2.6393 2.6979 83.0886 1.1245 312.1500 12.1566 2018/6/25 15:26:40
2.6393 2.7077 63.5383 1.1247 312.0875 10.6294 2018/6/25 15:26:41
2.6393 2.6979 39.1004 1.1252 311.9625 8.3368 2018/6/25 15:26:43
2.6393 2.7077 53.7632 1.1252 311.9625 9.7756 2018/6/25 15:26:45
2.6393 2.6735 73.3135 1.1252 311.9625 11.4156 2018/6/25 15:26:47
2.6393 2.6588 58.6507 1.1250 312.0250 10.2113 2018/6/25 15:26:49
2.6393 2.6979 78.2011 1.1248 312.0875 11.7921 2018/6/25 15:26:51
2.6393 2.7273 73.3135 1.1245 312.1500 11.4188 2018/6/25 15:26:52
2.6393 2.7126 53.7632 1.1243 312.2125 9.7794 2018/6/25 15:26:54
2.6393 2.6882 48.8756 1.1242 312.2750 9.3249 2018/6/25 15:26:56
2.6393 2.7224 24.4377 1.1240 312.3375 6.5943 2018/6/25 15:26:58
2.6393 2.7077 63.5383 1.1239 312.3375 10.6332 2018/6/25 15:27:0
2.6393 2.6686 58.6507 1.1238 312.4000 10.2168 2018/6/25 15:27:2
2.6393 2.6931 43.9880 1.1235 312.4625 8.8488 2018/6/25 15:27:3
2.6393 2.6979 92.8638 1.1237 312.4000 12.8561 2018/6/25 15:27:5
2.6393 2.6833 58.6507 1.1235 312.4625 10.2179 2018/6/25 15:27:7
2.6393 2.7126 68.4259 1.1233 312.5250 11.0376 2018/6/25 15:27:9
2.6393 2.7175 68.4259 1.1233 312.5250 11.0377 2018/6/25 15:27:11
2.6393 2.6931 68.4259 1.1230 312.5875 11.0389 2018/6/25 15:27:13
2.6393 2.6784 97.7514 1.1226 312.7125 13.1966 2018/6/25 15:27:14
2.6393 2.6979 68.4259 1.1223 312.7750 11.0426 2018/6/25 15:27:16
2.6393 2.7028 48.8756 1.1218 312.9625 9.3349 2018/6/25 15:27:18
2.6393 2.7224 24.4377 1.1215 313.0250 6.6014 2018/6/25 15:27:20
2.6393 2.7322 29.3252 1.1219 312.9000 7.2302 2018/6/25 15:27:22
2.6393 2.6735 53.7632 1.1229 312.6500 9.7855 2018/6/25 15:27:24
2.6393 2.6735 58.6507 1.1231 312.5875 10.2196 2018/6/25 15:27:25
2.6393 2.6931 78.2011 1.1240 312.3375 11.7959 2018/6/25 15:27:27
2.6393 2.7126 34.2128 1.1240 312.3375 7.8024 2018/6/25 15:27:29
2.6393 2.7077 73.3135 1.1237 312.4000 11.4229 2018/6/25 15:27:31
2.6393 2.7028 97.7514 1.1241 312.2750 13.1878 2018/6/25 15:27:33
2.6393 2.6686 102.6390 1.1241 312.2750 13.5138 2018/6/25 15:27:35
2.6393 2.6979 112.4141 1.1241 312.2750 14.1424 2018/6/25 15:27:36
2.6393 2.7370 83.0886 1.1243 312.2125 12.1578 2018/6/25 15:27:38
2.6393 2.6784 87.9762 1.1245 312.1500 12.5090 2018/6/25 15:27:40
2.6393 2.6979 63.5383 1.1243 312.2125 10.6316 2018/6/25 15:27:42
2.6393 2.6979 58.6507 1.1242 312.2125 10.2146 2018/6/25 15:27:44
2.6393 2.7028 43.9880 1.1239 312.3375 8.8475 2018/6/25 15:27:46
2.6393 2.6931 78.2011 1.1235 312.4625 11.7988 2018/6/25 15:27:47
2.6393 2.7419 97.7514 1.1233 312.5250 13.1928 2018/6/25 15:27:49
2.6393 2.7126 117.3017 1.1230 312.5875 14.4534 2018/6/25 15:27:51
2.6393 2.7028 43.9880 1.1226 312.7125 8.8528 2018/6/25 15:27:53
2.6393 2.6882 73.3135 1.1223 312.7750 11.4304 2018/6/25 15:27:55
2.6393 2.6931 83.0886 1.1221 312.8375 12.1696 2018/6/25 15:27:57
2.6393 2.6882 29.3252 1.1219 312.9000 7.2303 2018/6/25 15:27:58
2.6393 2.7175 87.9762 1.1217 312.9625 12.5243 2018/6/25 15:28:0
2.6393 2.6931 78.2011 1.1217 312.9625 11.8082 2018/6/25 15:28:2
2.6393 2.6931 4.8871 1.1217 312.9625 2.9519 2018/6/25 15:28:4
2.6393 2.7028 58.6507 1.1221 312.8375 10.2245 2018/6/25 15:28:6
2.6393 2.6735 73.3135 1.1221 312.8375 11.4311 2018/6/25 15:28:8
2.6393 2.6979 29.3252 1.1219 312.9000 7.2304 2018/6/25 15:28:9
2.6393 2.6833 92.8638 1.1219 312.9000 12.8665 2018/6/25 15:28:11
2.6393 2.7077 112.4141 1.1219 312.9000 14.1561 2018/6/25 15:28:13
2.6393 2.6979 78.2011 1.1217 312.9625 11.8082 2018/6/25 15:28:15
2.6393 2.7126 68.4259 1.1214 313.0250 11.0468 2018/6/25 15:28:17
2.6393 2.7077 58.6507 1.1213 313.0875 10.2281 2018/6/25 15:28:19
2.6393 2.6637 53.7632 1.1211 313.1500 9.7936 2018/6/25 15:28:20
2.6393 2.7028 87.9762 1.1208 313.2125 12.5292 2018/6/25 15:28:22
2.6393 2.6882 68.4259 1.1207 313.2750 11.0506 2018/6/25 15:28:24
2.6393 2.7322 48.8756 1.1206 313.2750 9.3398 2018/6/25 15:28:26
2.6393 2.7126 53.7632 1.1205 313.2750 9.7960 2018/6/25 15:28:28
2.6393 2.6931 63.5383 1.1204 313.3375 10.6501 2018/6/25 15:28:30
2.6393 2.6588 73.3135 1.1203 313.3375 11.4402 2018/6/25 15:28:31
2.6393 2.6882 48.8756 1.1199 313.4625 9.3429 2018/6/25 15:28:33
2.6393 2.6979 4.8871 1.1197 313.5250 2.9545 2018/6/25 15:28:35
2.6393 2.6637 92.8638 1.1195 313.5875 12.8801 2018/6/25 15:28:37
2.6393 2.6882 58.6507 1.1195 313.5875 10.2362 2018/6/25 15:28:39
2.6393 2.6979 48.8756 1.1196 313.5875 9.3440 2018/6/25 15:28:41
2.6393 2.7126 68.4259 1.1195 313.5875 11.0563 2018/6/25 15:28:42
2.6393 2.7224 73.3135 1.1195 313.5875 11.4443 2018/6/25 15:28:44
2.6393 2.6833 53.7632 1.1194 313.6500 9.8011 2018/6/25 15:28:46
2.6393 2.7273 97.7514 1.1193 313.6500 13.2160 2018/6/25 15:28:48
2.6393 2.7273 58.6507 1.1189 313.7750 10.2388 2018/6/25 15:28:50
2.6393 2.7175 14.6623 1.1191 313.7125 5.1190 2018/6/25 15:28:52
2.6393 2.7273 53.7632 1.1191 313.7125 9.8021 2018/6/25 15:28:53
2.6393 2.6931 83.0886 1.1192 313.6500 12.1851 2018/6/25 15:28:55
2.6393 2.7273 19.5501 1.1199 313.4625 5.9088 2018/6/25 15:28:57
