10191 2018/6/14 15:19:43 
2.6271 2.6246 2.3954 1.1735 2.0205 12034 2018/6/14 15:19:44 
2.6271 2.6295 -2.4922 1.1736 nan 13864 2018/6/14 15:19:46 
2.6271 2.7077 75.7093 1.1736 11.3587 15697 2018/6/14 15:19:48 
2.6271 2.6784 95.2597 1.1736 12.7410 17530 2018/6/14 15:19:50 
2.6271 2.6979 105.0348 1.1737 13.3784 19363 2018/6/14 15:19:52 
2.6271 2.6686 80.5969 1.1736 11.7194 21195 2018/6/14 15:19:54 
2.6271 2.7028 46.3839 1.1737 8.8905 23053 2018/6/14 15:19:55 
2.6271 2.6735 80.5969 1.1739 11.7180 24886 2018/6/14 15:19:57 
2.6271 2.7175 70.8218 1.1738 10.9849 26722 2018/6/14 15:19:59 
2.6271 2.7175 65.9342 1.1739 10.5990 28555 2018/6/14 15:20:1 
2.6271 2.7126 70.8218 1.1742 10.9832 30388 2018/6/14 15:20:3 
2.6271 2.6979 65.9342 1.1742 10.5974 32221 2018/6/14 15:20:5 
2.6271 2.7322 100.1473 1.1744 13.0593 34053 2018/6/14 15:20:6 
2.6271 2.7077 70.8218 1.1743 10.9829 35886 2018/6/14 15:20:8 
2.6271 2.6979 70.8218 1.1742 10.9831 37719 2018/6/14 15:20:10 
2.6271 2.7028 65.9342 1.1742 10.5974 39552 2018/6/14 15:20:12 
2.6271 2.7370 70.8218 1.1741 10.9835 41388 2018/6/14 15:20:14 
2.6271 2.6979 80.5969 1.1742 11.7167 43220 2018/6/14 15:20:16 
2.6271 2.7175 75.7093 1.1744 11.3547 45052 2018/6/14 15:20:17 
2.6271 2.7273 65.9342 1.1744 10.5963 46885 2018/6/14 15:20:19 
2.6271 2.6784 80.5969 1.1744 11.7156 48718 2018/6/14 15:20:21 
2.6271 2.7322 46.3839 1.1745 8.8875 50551 2018/6/14 15:20:23 
2.6271 2.6784 95.2597 1.1744 12.7366 52383 2018/6/14 15:20:25 
2.6271 2.6931 65.9342 1.1745 10.5962 54216 2018/6/14 15:20:27 
2.6271 2.7224 61.0466 1.1745 10.1959 56052 2018/6/14 15:20:28 
2.6271 2.7273 105.0348 1.1742 13.3752 57885 2018/6/14 15:20:30 
2.6271 2.7273 90.3721 1.1741 12.4076 59718 2018/6/14 15:20:32 
2.6271 2.6784 61.0466 1.1740 10.1981 61551 2018/6/14 15:20:34 
2.6271 2.6882 95.2597 1.1737 12.7404 63384 2018/6/14 15:20:36 
2.6271 2.6833 85.4845 1.1738 12.0689 65217 2018/6/14 15:20:37 
2.6271 2.7077 80.5969 1.1735 11.7202 67049 2018/6/14 15:20:39 
2.6271 2.7273 41.4963 1.1735 8.4095 68882 2018/6/14 15:20:41 
2.6271 2.7077 95.2597 1.1733 12.7429 70718 2018/6/14 15:20:43 
2.6271 2.7273 124.5852 1.1733 14.5728 72551 2018/6/14 15:20:45 
2.6271 2.6931 56.1590 1.1732 9.7844 74384 2018/6/14 15:20:47 
2.6271 2.7028 70.8218 1.1730 10.9889 76217 2018/6/14 15:20:48 
2.6271 2.6833 56.1590 1.1727 9.7864 78049 2018/6/14 15:20:50 
2.6271 2.6882 80.5969 1.1726 11.7247 79882 2018/6/14 15:20:52 
2.6271 2.7126 51.2714 1.1726 9.3515 81715 2018/6/14 15:20:54 
2.6271 2.7126 85.4845 1.1723 12.0764 83548 2018/6/14 15:20:56 
2.6271 2.7077 51.2714 1.1723 9.3526 85384 2018/6/14 15:20:58 
2.6271 2.7028 65.9342 1.1721 10.6069 87216 2018/6/14 15:20:59 
2.6271 2.6833 61.0466 1.1719 10.2070 89049 2018/6/14 15:21:1 
2.6271 2.7224 95.2597 1.1719 12.7506 90882 2018/6/14 15:21:3 
2.6271 2.6686 31.7211 1.1716 7.3587 92715 2018/6/14 15:21:5 
2.6271 2.6931 70.8218 1.1716 10.9951 94546 2018/6/14 15:21:7 
2.6271 2.6833 65.9342 1.1717 10.6085 96379 2018/6/14 15:21:9 
2.6271 2.6491 65.9342 1.1718 10.6083 98212 2018/6/14 15:21:10 
2.6271 2.7126 80.5969 1.1718 11.7285 100045 2018/6/14 15:21:12 
2.6271 2.6931 65.9342 1.1718 10.6083 101881 2018/6/14 15:21:14 
2.6271 2.6979 56.1590 1.1716 9.7911 103714 2018/6/14 15:21:16 
2.6271 2.6931 46.3839 1.1716 8.8982 105547 2018/6/14 15:21:18 
2.6271 2.7370 80.5969 1.1714 11.7307 107379 2018/6/14 15:21:20 
2.6271 2.6931 61.0466 1.1714 10.2092 109212 2018/6/14 15:21:21 
2.6271 2.6833 95.2597 1.1714 12.7533 111045 2018/6/14 15:21:23 
2.6271 2.7224 90.3721 1.1712 12.4229 112878 2018/6/14 15:21:25 
2.6271 2.7028 70.8218 1.1709 10.9987 114711 2018/6/14 15:21:27 
2.6271 2.7077 75.7093 1.1706 11.3731 116547 2018/6/14 15:21:29 
2.6271 2.6882 80.5969 1.1707 11.7343 118380 2018/6/14 15:21:31 
2.6271 2.7077 95.2597 1.1704 12.7586 120213 2018/6/14 15:21:32 
2.6271 2.6882 70.8218 1.1703 11.0013 122045 2018/6/14 15:21:34 
2.6271 2.7028 85.4845 1.1703 12.0867 123878 2018/6/14 15:21:36 
2.6271 2.6833 61.0466 1.1701 10.2148 125711 2018/6/14 15:21:38 
2.6271 2.6979 31.7211 1.1701 7.3634 127544 2018/6/14 15:21:40 
2.6271 2.6979 95.2597 1.1699 12.7614 129377 2018/6/14 15:21:42 
2.6271 2.6931 105.0348 1.1699 13.4001 131213 2018/6/14 15:21:43 
2.6271 2.7370 95.2597 1.1699 12.7614 133066 2018/6/14 15:21:45 
2.6271 2.6686 65.9342 1.1698 10.6173 134899 2018/6/14 15:21:47 
2.6271 2.7077 75.7093 1.1698 11.3770 136732 2018/6/14 15:21:49 
2.6271 2.7126 75.7093 1.1696 11.3780 138564 2018/6/14 15:21:51 
2.6271 2.6931 65.9342 1.1697 10.6178 140397 2018/6/14 15:21:53 
2.6271 2.6784 61.0466 1.1694 10.2178 142230 2018/6/14 15:21:54 
2.6271 2.6686 65.9342 1.1695 10.6188 144063 2018/6/14 15:21:56 
2.6271 2.7322 70.8218 1.1693 11.0063 145899 2018/6/14 15:21:58 
2.6271 2.6979 105.0348 1.1692 13.4042 147732 2018/6/14 15:22:0 
2.6271 2.6979 41.4963 1.1692 8.4251 149565 2018/6/14 15:22:2 
2.6271 2.7028 56.1590 1.1689 9.8023 151397 2018/6/14 15:22:4 
2.6271 2.6833 75.7093 1.1689 11.3815 153230 2018/6/14 15:22:5 
2.6271 2.6784 80.5969 1.1687 11.7444 155063 2018/6/14 15:22:7 
2.6271 2.7077 90.3721 1.1687 12.4360 156896 2018/6/14 15:22:9 
2.6271 2.7077 46.3839 1.1685 8.9102 158728 2018/6/14 15:22:11 
2.6271 2.6784 80.5969 1.1687 11.7444 160565 2018/6/14 15:22:13 
2.6271 2.6833 46.3839 1.1686 8.9099 162397 2018/6/14 15:22:15 
2.6271 2.7077 51.2714 1.1686 9.3675 164230 2018/6/14 15:22:16 
2.6271 2.6637 95.2597 1.1683 12.7698 166063 2018/6/14 15:22:18 
2.6271 2.6686 70.8218 1.1685 11.0097 167896 2018/6/14 15:22:20 
2.6271 2.7028 105.0348 1.1686 13.4075 169729 2018/6/14 15:22:22 
2.6271 2.6882 51.2714 1.1685 9.3677 171560 2018/6/14 15:22:24 
2.6271 2.6931 70.8218 1.1688 11.0087 173393 2018/6/14 15:22:26 
2.6271 2.7175 85.4845 1.1690 12.0937 175230 2018/6/14 15:22:27 
2.6271 2.7175 51.2714 1.1689 9.3661 177062 2018/6/14 15:22:29 
2.6271 2.6931 85.4845 1.1691 12.0927 178895 2018/6/14 15:22:31 
2.6271 2.7077 70.8218 1.1693 11.0061 180728 2018/6/14 15:22:33 
2.6271 2.6979 61.0466 1.1695 10.2175 182561 2018/6/14 15:22:35 
2.6271 2.6833 51.2714 1.1695 9.3637 184394 2018/6/14 15:22:36 
2.6271 2.6784 90.3721 1.1697 12.4304 186226 2018/6/14 15:22:38 
2.6271 2.6931 95.2597 1.1700 12.7608 188059 2018/6/14 15:22:40 
2.6271 2.6979 61.0466 1.1702 10.2145 189895 2018/6/14 15:22:42 
2.6271 2.6686 90.3721 1.1705 12.4266 191728 2018/6/14 15:22:44 
2.6271 2.7028 90.3721 1.1708 12.4248 193561 2018/6/14 15:22:46 
2.6271 2.6735 46.3839 1.1708 8.9014 195394 2018/6/14 15:22:47 
2.6271 2.7126 61.0466 1.1708 10.2120 197227 2018/6/14 15:22:49 
2.6271 2.6979 105.0348 1.1708 13.3952 199060 2018/6/14 15:22:51 
2.6271 2.7273 85.4845 1.1710 12.0833 200892 2018/6/14 15:22:53 
2.6271 2.7126 61.0466 1.1711 10.2107 202725 2018/6/14 15:22:55 
2.6271 2.6637 36.6087 1.1711 7.9071 204561 2018/6/14 15:22:57 
2.6271 2.6979 75.7093 1.1711 11.3709 206394 2018/6/14 15:22:58 
2.6271 2.6735 75.7093 1.1713 11.3700 208227 2018/6/14 15:23:0 
2.6271 2.7028 65.9342 1.1711 10.6112 210060 2018/6/14 15:23:2 
2.6271 2.6882 70.8218 1.1713 10.9966 211893 2018/6/14 15:23:4 
2.6271 2.7077 80.5969 1.1711 11.7320 213725 2018/6/14 15:23:6 
2.6271 2.6979 51.2714 1.1713 9.3564 215558 2018/6/14 15:23:8 
2.6271 2.7419 75.7093 1.1713 11.3696 217391 2018/6/14 15:23:9 
2.6271 2.7175 75.7093 1.1714 11.3693 219227 2018/6/14 15:23:11 
2.6271 2.6931 90.3721 1.1714 12.4218 221060 2018/6/14 15:23:13 
2.6271 2.6882 51.2714 1.1714 9.3564 222893 2018/6/14 15:23:15 
2.6271 2.6979 95.2597 1.1716 12.7522 224726 2018/6/14 15:23:17 
2.6271 2.6833 56.1590 1.1716 9.7912 226557 2018/6/14 15:23:19 
2.6271 2.6735 61.0466 1.1716 10.2081 228390 2018/6/14 15:23:20 
2.6271 2.7028 75.7093 1.1718 11.3673 230223 2018/6/14 15:23:22 
2.6271 2.7077 41.4963 1.1720 8.4149 232056 2018/6/14 15:23:24 
2.6271 2.6882 61.0466 1.1720 10.2064 233892 2018/6/14 15:23:26 
2.6271 2.6833 70.8218 1.1720 10.9933 235725 2018/6/14 15:23:28 
2.6271 2.6931 95.2597 1.1720 12.7497 237558 2018/6/14 15:23:30 
2.6271 2.7077 51.2714 1.1721 9.3535 239391 2018/6/14 15:23:31 
2.6271 2.6735 70.8218 1.1721 10.9931 241224 2018/6/14 15:23:33 
2.6271 2.6979 70.8218 1.1721 10.9931 243078 2018/6/14 15:23:35 
2.6271 2.6931 80.5969 1.1719 11.7280 244912 2018/6/14 15:23:37 
2.6271 2.6979 65.9342 1.1721 10.6068 246745 2018/6/14 15:23:39 
2.6271 2.6931 85.4845 1.1721 12.0774 248582 2018/6/14 15:23:41 
2.6271 2.6882 90.3721 1.1721 12.4179 250415 2018/6/14 15:23:42 
2.6271 2.7224 65.9342 1.1724 10.6057 252247 2018/6/14 15:23:44 
2.6271 2.6833 90.3721 1.1721 12.4177 254080 2018/6/14 15:23:46 
2.6271 2.6784 51.2714 1.1724 9.3523 255912 2018/6/14 15:23:48 
2.6271 2.6784 105.0348 1.1726 13.3847 257745 2018/6/14 15:23:50 
2.6271 2.6931 36.6087 1.1728 7.9012 259578 2018/6/14 15:23:52 
2.6271 2.6979 65.9342 1.1728 10.6036 261411 2018/6/14 15:23:53 
2.6271 2.7273 61.0466 1.1728 10.2030 263247 2018/6/14 15:23:55 
2.6271 2.6979 80.5969 1.1729 11.7231 265080 2018/6/14 15:23:57 
2.6271 2.7273 70.8218 1.1728 10.9896 266912 2018/6/14 15:23:59 
2.6271 2.6931 95.2597 1.1727 12.7461 268745 2018/6/14 15:24:1 
2.6271 2.6833 75.7093 1.1725 11.3641 270578 2018/6/14 15:24:3 
2.6271 2.6882 51.2714 1.1725 9.3520 272411 2018/6/14 15:24:4 
2.6271 2.6686 85.4845 1.1723 12.0766 274244 2018/6/14 15:24:6 
2.6271 2.6979 90.3721 1.1723 12.4168 276077 2018/6/14 15:24:8 
2.6271 2.7126 90.3721 1.1723 12.4170 277913 2018/6/14 15:24:10 
2.6271 2.7028 85.4845 1.1722 12.0767 279746 2018/6/14 15:24:12 
2.6271 2.6979 65.9342 1.1720 10.6074 281579 2018/6/14 15:24:14 
2.6271 2.6931 70.8218 1.1720 10.9935 283412 2018/6/14 15:24:15 
2.6271 2.6931 90.3721 1.1718 12.4196 285244 2018/6/14 15:24:17 
2.6271 2.7028 41.4963 1.1718 8.4159 287077 2018/6/14 15:24:19 
2.6271 2.6931 46.3839 1.1715 8.8988 288910 2018/6/14 15:24:21 
2.6271 2.6979 80.5969 1.1714 11.7307 290743 2018/6/14 15:24:23 
2.6271 2.7224 41.4963 1.1711 8.4181 292579 2018/6/14 15:24:25 
2.6271 2.7028 65.9342 1.1714 10.6099 294412 2018/6/14 15:24:26 
2.6271 2.7273 56.1590 1.1716 9.7913 296245 2018/6/14 15:24:28 
2.6271 2.7028 85.4845 1.1716 12.0800 298078 2018/6/14 15:24:30 
2.6271 2.7077 85.4845 1.1716 12.0800 299910 2018/6/14 15:24:32 
2.6271 2.6931 61.0466 1.1716 10.2083 301743 2018/6/14 15:24:34 
2.6271 2.7028 61.0466 1.1716 10.2082 303576 2018/6/14 15:24:36 
2.6271 2.6637 85.4845 1.1714 12.0809 305409 2018/6/14 15:24:37 
2.6271 2.6931 61.0466 1.1714 10.2093 307245 2018/6/14 15:24:39 
2.6271 2.7028 56.1590 1.1714 9.7920 309078 2018/6/14 15:24:41 
2.6271 2.6882 95.2597 1.1712 12.7543 310910 2018/6/14 15:24:43 
2.6271 2.6442 90.3721 1.1710 12.4240 312743 2018/6/14 15:24:45 
2.6271 2.6882 51.2714 1.1709 9.3581 314576 2018/6/14 15:24:46 
2.6271 2.7224 56.1590 1.1709 9.7942 316408 2018/6/14 15:24:48 
2.6271 2.6833 61.0466 1.1706 10.2126 318241 2018/6/14 15:24:50 
2.6271 2.6931 90.3721 1.1707 12.4255 320074 2018/6/14 15:24:52 
2.6271 2.7175 85.4845 1.1704 12.0864 321910 2018/6/14 15:24:54 
2.6271 2.6979 61.0466 1.1703 10.2140 323743 2018/6/14 15:24:56 
2.6271 2.7273 70.8218 1.1700 11.0030 325576 2018/6/14 15:24:57 
2.6271 2.6931 90.3721 1.1699 12.4297 327409 2018/6/14 15:24:59 
2.6271 2.7077 56.1590 1.1703 9.7968 329242 2018/6/14 15:25:1 
2.6271 2.6833 100.1473 1.1706 13.0809 331075 2018/6/14 15:25:3 
2.6271 2.6931 85.4845 1.1706 12.0851 332907 2018/6/14 15:25:5 
2.6271 2.6931 65.9342 1.1708 10.6127 334740 2018/6/14 15:25:7 
2.6271 2.6931 70.8218 1.1711 10.9978 336576 2018/6/14 15:25:8 
2.6271 2.6637 46.3839 1.1712 8.8999 338409 2018/6/14 15:25:10 
2.6271 2.6931 56.1590 1.1714 9.7921 340242 2018/6/14 15:25:12 
2.6271 2.7224 75.7093 1.1717 11.3680 342075 2018/6/14 15:25:14 
2.6271 2.6979 95.2597 1.1717 12.7514 343908 2018/6/14 15:25:16 
2.6271 2.7126 80.5969 1.1717 11.7292 345741 2018/6/14 15:25:18 
2.6271 2.7077 65.9342 1.1719 10.6077 347574 2018/6/14 15:25:19 
2.6271 2.6833 95.2597 1.1716 12.7520 349406 2018/6/14 15:25:21 
2.6271 2.6931 51.2714 1.1719 9.3544 351243 2018/6/14 15:25:23 
2.6271 2.7224 51.2714 1.1717 9.3552 353094 2018/6/14 15:25:25 
2.6271 2.6735 80.5969 1.1718 11.7286 354928 2018/6/14 15:25:27 
2.6271 2.7175 46.3839 1.1718 8.8974 356761 2018/6/14 15:25:29 
2.6271 2.6735 65.9342 1.1718 10.6085 358594 2018/6/14 15:25:30 
2.6271 2.7028 51.2714 1.1717 9.3549 360426 2018/6/14 15:25:32 
2.6271 2.7224 70.8218 1.1715 10.9959 362259 2018/6/14 15:25:34 
2.6271 2.6979 95.2597 1.1715 12.7524 364092 2018/6/14 15:25:36 
2.6271 2.7126 75.7093 1.1712 11.3703 365928 2018/6/14 15:25:38 
2.6271 2.6588 56.1590 1.1712 9.7928 367761 2018/6/14 15:25:40 
2.6271 2.6931 46.3839 1.1710 8.9007 369594 2018/6/14 15:25:41 
2.6271 2.6979 85.4845 1.1709 12.0835 371427 2018/6/14 15:25:43 
2.6271 2.7273 65.9342 1.1707 10.6134 373260 2018/6/14 15:25:45 
2.6271 2.6882 90.3721 1.1705 12.4264 375092 2018/6/14 15:25:47 
2.6271 2.7126 65.9342 1.1702 10.6153 376925 2018/6/14 15:25:49 
2.6271 2.7028 56.1590 1.1702 9.7971 378758 2018/6/14 15:25:51 
2.6271 2.7224 65.9342 1.1698 10.6175 380594 2018/6/14 15:25:52 
2.6271 2.7419 65.9342 1.1697 10.6176 382427 2018/6/14 15:25:54 
2.6271 2.7028 75.7093 1.1697 11.3775 384260 2018/6/14 15:25:56 
2.6271 2.6979 65.9342 1.1695 10.6186 386093 2018/6/14 15:25:58 
2.6271 2.7028 80.5969 1.1697 11.7389 387926 2018/6/14 15:26:0 
2.6271 2.6784 70.8218 1.1695 11.0051 389757 2018/6/14 15:26:2 
2.6271 2.7077 41.4963 1.1695 8.4239 391590 2018/6/14 15:26:3 
2.6271 2.7322 75.7093 1.1695 11.3785 393423 2018/6/14 15:26:5 
2.6271 2.6979 70.8218 1.1695 11.0052 395256 2018/6/14 15:26:7 
2.6271 2.6588 65.9342 1.1691 10.6207 397086 2018/6/14 15:26:9 
2.6271 2.6833 75.7093 1.1691 11.3806 398919 2018/6/14 15:26:11 
2.6271 2.6784 51.2714 1.1689 9.3663 400752 2018/6/14 15:26:13 
2.6271 2.7175 85.4845 1.1687 12.0951 402585 2018/6/14 15:26:14 
2.6271 2.6882 61.0466 1.1684 10.2221 404417 2018/6/14 15:26:16 
2.6271 2.7028 95.2597 1.1684 12.7693 406250 2018/6/14 15:26:18 
2.6271 2.6931 61.0466 1.1685 10.2220 408083 2018/6/14 15:26:20 
2.6271 2.7077 46.3839 1.1684 8.9103 409916 2018/6/14 15:26:22 
2.6271 2.7077 56.1590 1.1682 9.8056 411752 2018/6/14 15:26:24 
2.6271 2.6588 51.2714 1.1682 9.3691 413585 2018/6/14 15:26:25 
2.6271 2.6882 70.8218 1.1681 11.0116 415418 2018/6/14 15:26:27 
2.6271 2.7028 85.4845 1.1679 12.0990 417251 2018/6/14 15:26:29 
2.6271 2.6637 70.8218 1.1679 11.0126 419084 2018/6/14 15:26:31 
2.6271 2.7126 65.9342 1.1680 10.6254 420916 2018/6/14 15:26:33 
2.6271 2.6931 85.4845 1.1677 12.1001 422749 2018/6/14 15:26:34 
2.6271 2.7077 80.5969 1.1677 11.7491 424582 2018/6/14 15:26:36 
2.6271 2.7126 41.4963 1.1678 8.4303 426418 2018/6/14 15:26:38 
2.6271 2.6979 80.5969 1.1677 11.7491 428251 2018/6/14 15:26:40 
2.6271 2.6588 90.3721 1.1677 12.4414 430084 2018/6/14 15:26:42 
2.6271 2.6931 75.7093 1.1678 11.3867 431917 2018/6/14 15:26:44 
2.6271 2.6735 85.4845 1.1680 12.0985 433750 2018/6/14 15:26:45 
2.6271 2.6540 90.3721 1.1683 12.4382 435582 2018/6/14 15:26:47 
2.6271 2.7028 65.9342 1.1685 10.6231 437415 2018/6/14 15:26:49 
2.6271 2.6979 80.5969 1.1688 11.7439 439247 2018/6/14 15:26:51 
2.6271 2.6882 80.5969 1.1690 11.7428 441084 2018/6/14 15:26:53 
2.6271 2.7028 61.0466 1.1688 10.2205 442916 2018/6/14 15:26:55 
2.6271 2.6931 85.4845 1.1690 12.0934 444749 2018/6/14 15:26:56 
2.6271 2.6833 70.8218 1.1689 11.0081 446582 2018/6/14 15:26:58 
2.6271 2.6735 95.2597 1.1691 12.7659 448415 2018/6/14 15:27:0 
2.6271 2.7126 100.1473 1.1691 13.0890 450248 2018/6/14 15:27:2 
2.6271 2.7028 56.1590 1.1692 9.8011 452081 2018/6/14 15:27:4 
2.6271 2.6784 100.1473 1.1695 13.0869 453914 2018/6/14 15:27:6 
2.6271 2.6931 70.8218 1.1694 11.0056 455750 2018/6/14 15:27:7 
2.6271 2.6931 61.0466 1.1697 10.2169 457583 2018/6/14 15:27:9 
2.6271 2.6588 105.0348 1.1699 13.4001 459416 2018/6/14 15:27:11 
2.6271 2.6833 51.2714 1.1701 9.3613 461248 2018/6/14 15:27:13 
2.6271 2.6833 65.9342 1.1704 10.6146 463081 2018/6/14 15:27:15 
2.6271 2.6931 56.1590 1.1703 9.7965 464934 2018/6/14 15:27:17 
2.6271 2.6735 21.9457 1.1706 6.1234 466768 2018/6/14 15:27:18 
2.6271 2.6931 105.0348 1.1706 13.3963 468601 2018/6/14 15:27:20 
2.6271 2.7273 95.2597 1.1708 12.7566 470452 2018/6/14 15:27:22 
2.6271 2.6833 70.8218 1.1712 10.9973 472285 2018/6/14 15:27:24 
2.6271 2.6979 51.2714 1.1713 9.3567 474118 2018/6/14 15:27:26 
2.6271 2.7126 65.9342 1.1715 10.6097 475951 2018/6/14 15:27:28 
2.6271 2.6882 75.7093 1.1718 11.3672 477784 2018/6/14 15:27:29 
2.6271 2.6979 75.7093 1.1724 11.3647 479617 2018/6/14 15:27:31 
2.6271 2.6735 75.7093 1.1728 11.3626 481449 2018/6/14 15:27:33 
2.6271 2.6686 61.0466 1.1728 10.2029 483281 2018/6/14 15:27:35 
2.6271 2.6979 56.1590 1.1731 9.7850 485117 2018/6/14 15:27:37 
2.6271 2.6784 85.4845 1.1733 12.0712 486950 2018/6/14 15:27:39 
2.6271 2.7224 46.3839 1.1736 8.8908 488783 2018/6/14 15:27:40 
2.6271 2.7126 95.2597 1.1740 12.7391 490616 2018/6/14 15:27:42 
2.6271 2.6491 65.9342 1.1739 10.5986 492449 2018/6/14 15:27:44 
2.6271 2.6784 36.6087 1.1742 7.8966 494281 2018/6/14 15:27:46 
2.6271 2.6979 75.7093 1.1742 11.3561 496114 2018/6/14 15:27:48 
2.6271 2.6588 70.8218 1.1741 10.9837 497947 2018/6/14 15:27:50 
2.6271 2.7028 31.7211 1.1742 7.3507 499783 2018/6/14 15:27:51 
2.6271 2.7175 90.3721 1.1741 12.4072 501616 2018/6/14 15:27:53 
2.6271 2.6979 85.4845 1.1744 12.0655 503448 2018/6/14 15:27:55 
2.6271 2.6931 95.2597 1.1746 12.7355 505281 2018/6/14 15:27:57 
2.6271 2.6931 80.5969 1.1747 11.7144 507114 2018/6/14 15:27:59 
2.6271 2.6979 90.3721 1.1754 12.4006 508947 2018/6/14 15:28:1 
2.6271 2.7077 95.2597 1.1757 12.7297 510780 2018/6/14 15:28:2 
2.6271 2.6931 75.7093 1.1758 11.3481 512612 2018/6/14 15:28:4 
2.6271 2.6979 61.0466 1.1758 10.1900 514449 2018/6/14 15:28:6 
2.6271 2.6931 70.8218 1.1758 10.9758 516281 2018/6/14 15:28:8 
2.6271 2.6637 70.8218 1.1758 10.9758 518114 2018/6/14 15:28:10 
2.6271 2.6882 46.3839 1.1758 8.8824 519947 2018/6/14 15:28:12 
2.6271 2.6882 80.5969 1.1757 11.7091 521780 2018/6/14 15:28:13 
2.6271 2.6931 46.3839 1.1758 8.8824 523612 2018/6/14 15:28:15 
2.6271 2.6833 80.5969 1.1756 11.7098 525445 2018/6/14 15:28:17 
2.6271 2.6735 65.9342 1.1755 10.5913 527278 2018/6/14 15:28:19 
2.6271 2.6882 65.9342 1.1758 10.5901 529114 2018/6/14 15:28:21 
2.6271 2.6833 95.2597 1.1759 12.7290 530947 2018/6/14 15:28:23 
2.6271 2.7028 36.6087 1.1759 7.8909 532780 2018/6/14 15:28:24 
2.6271 2.6882 65.9342 1.1759 10.5899 534611 2018/6/14 15:28:26 
2.6271 2.6979 46.3839 1.1760 8.8818 536444 2018/6/14 15:28:28 
2.6271 2.6833 61.0466 1.1760 10.1891 538277 2018/6/14 15:28:30 
2.6271 2.6931 46.3839 1.1758 8.8823 540110 2018/6/14 15:28:32 
2.6271 2.6833 21.9457 1.1757 6.1099 541942 2018/6/14 15:28:34 
2.6271 2.7028 65.9342 1.1758 10.5904 543778 2018/6/14 15:28:35 
2.6271 2.6833 70.8218 1.1758 10.9758 545611 2018/6/14 15:28:37 
2.6271 2.7028 41.4963 1.1761 8.4005 547444 2018/6/14 15:28:39 
2.6271 2.6833 80.5969 1.1761 11.7071 549277 2018/6/14 15:28:41 
2.6271 2.6833 70.8218 1.1760 10.9748 551110 2018/6/14 15:28:43 
2.6271 2.6882 70.8218 1.1761 10.9744 552942 2018/6/14 15:28:45 
2.6271 2.6882 46.3839 1.1761 8.8815 554775 2018/6/14 15:28:46 
2.6271 2.6735 21.9457 1.1760 6.1092 556608 2018/6/14 15:28:48 
2.6271 2.7126 61.0466 1.1760 10.1891 558444 2018/6/14 15:28:50 
2.6271 2.6882 51.2714 1.1760 9.3378 560277 2018/6/14 15:28:52 
2.6271 2.6979 70.8218 1.1759 10.9752 562110 2018/6/14 15:28:54 
2.6271 2.7028 70.8218 1.1760 10.9749 563942 2018/6/14 15:28:55 
2.6271 2.6735 51.2714 1.1759 9.3381 565775 2018/6/14 15:28:57 
2.6271 2.6735 80.5969 1.1761 11.7070 567608 2018/6/14 15:28:59 
2.6271 2.6833 70.8218 1.1765 10.9726 569441 2018/6/14 15:29:1 
2.6271 2.6931 70.8218 1.1767 10.9716 571273 2018/6/14 15:29:3 
2.6271 2.7028 85.4845 1.1770 12.0524 573110 2018/6/14 15:29:5 
2.6271 2.6735 51.2714 1.1772 9.3332 574942 2018/6/14 15:29:6 
2.6271 2.6931 31.7211 1.1774 7.3405 576794 2018/6/14 15:29:8 
2.6271 2.7175 61.0466 1.1775 10.1829 578627 2018/6/14 15:29:10 
2.6271 2.7028 31.7211 1.1777 7.3396 580460 2018/6/14 15:29:12 
2.6271 2.6979 56.1590 1.1777 9.7657 582293 2018/6/14 15:29:14 
2.6271 2.7028 70.8218 1.1776 10.9672 584125 2018/6/14 15:29:16 
2.6271 2.6979 56.1590 1.1777 9.7658 585958 2018/6/14 15:29:17 
2.6271 2.6686 36.6087 1.1777 7.8849 587794 2018/6/14 15:29:19 
2.6271 2.6833 70.8218 1.1779 10.9660 589627 2018/6/14 15:29:21 
2.6271 2.6979 90.3721 1.1779 12.3871 591460 2018/6/14 15:29:23 
2.6271 2.6784 56.1590 1.1780 9.7647 593293 2018/6/14 15:29:25 
2.6271 2.7175 75.7093 1.1778 11.3387 595125 2018/6/14 15:29:27 
2.6271 2.6833 65.9342 1.1779 10.5806 596958 2018/6/14 15:29:28 
2.6271 2.6931 75.7093 1.1780 11.3377 598791 2018/6/14 15:29:30 
2.6271 2.6882 70.8218 1.1780 10.9656 600624 2018/6/14 15:29:32 
2.6271 2.7077 36.6087 1.1780 7.8838 602460 2018/6/14 15:29:34 
2.6271 2.6931 56.1590 1.1780 9.7646 604293 2018/6/14 15:29:36 
2.6271 2.6931 65.9342 1.1777 10.5814 606126 2018/6/14 15:29:38 
2.6271 2.6735 56.1590 1.1777 9.7657 607958 2018/6/14 15:29:39 
2.6271 2.6979 65.9342 1.1778 10.5814 609790 2018/6/14 15:29:41 
2.6271 2.6979 65.9342 1.1778 10.5814 611623 2018/6/14 15:29:43 
2.6271 2.6882 46.3839 1.1778 8.8751 613456 2018/6/14 15:29:45 
2.6271 2.6735 61.0466 1.1777 10.1818 615289 2018/6/14 15:29:47 
2.6271 2.6833 56.1590 1.1777 9.7656 617125 2018/6/14 15:29:49 
2.6271 2.6735 41.4963 1.1777 8.3945 618958 2018/6/14 15:29:50 
2.6271 2.6882 56.1590 1.1780 9.7647 620790 2018/6/14 15:29:52 
2.6271 2.6833 41.4963 1.1780 8.3935 622623 2018/6/14 15:29:54 
2.6271 2.6931 51.2714 1.1780 9.3299 624456 2018/6/14 15:29:56 
2.6271 2.6882 46.3839 1.1780 8.8743 626288 2018/6/14 15:29:58 
2.6271 2.6882 65.9342 1.1777 10.5816 628121 2018/6/14 15:30:0 
2.6271 2.6979 56.1590 1.1777 9.7658 629954 2018/6/14 15:30:1 
2.6271 2.6735 70.8218 1.1777 10.9668 631790 2018/6/14 15:30:3 
2.6271 2.6882 51.2714 1.1775 9.3319 633623 2018/6/14 15:30:5 
2.6271 2.6882 56.1590 1.1773 9.7674 635455 2018/6/14 15:30:7 
2.6271 2.6833 56.1590 1.1773 9.7676 637288 2018/6/14 15:30:9 
2.6271 2.6931 61.0466 1.1770 10.1848 639121 2018/6/14 15:30:11 
2.6271 2.6931 65.9342 1.1768 10.5858 640954 2018/6/14 15:30:12 
2.6271 2.6882 51.2714 1.1768 9.3348 642787 2018/6/14 15:30:14 
2.6271 2.6735 51.2714 1.1768 9.3346 644619 2018/6/14 15:30:16 
2.6271 2.6784 75.7093 1.1768 11.3431 646452 2018/6/14 15:30:18 
2.6271 2.6979 61.0466 1.1767 10.1860 648288 2018/6/14 15:30:20 
2.6271 2.6882 61.0466 1.1766 10.1867 650121 2018/6/14 15:30:22 
2.6271 2.6637 65.9342 1.1766 10.5867 651954 2018/6/14 15:30:23 
2.6271 2.6882 65.9342 1.1764 10.5874 653787 2018/6/14 15:30:25 
2.6271 2.6833 56.1590 1.1764 9.7711 655619 2018/6/14 15:30:27 
2.6271 2.6833 85.4845 1.1762 12.0563 657452 2018/6/14 15:30:29 
2.6271 2.6931 65.9342 1.1760 10.5894 659284 2018/6/14 15:30:31 
2.6271 2.6931 61.0466 1.1759 10.1898 661117 2018/6/14 15:30:33 
2.6271 2.6882 65.9342 1.1759 10.5897 662953 2018/6/14 15:30:34 
2.6271 2.6882 65.9342 1.1757 10.5908 664786 2018/6/14 15:30:36 
2.6271 2.6882 65.9342 1.1754 10.5922 666619 2018/6/14 15:30:38 
2.6271 2.6637 56.1590 1.1754 9.7754 668451 2018/6/14 15:30:40 
2.6271 2.7028 70.8218 1.1751 10.9790 670284 2018/6/14 15:30:42 
2.6271 2.6833 61.0466 1.1752 10.1928 672117 2018/6/14 15:30:43 
2.6271 2.6979 65.9342 1.1749 10.5943 673950 2018/6/14 15:30:45 
2.6271 2.6735 46.3839 1.1749 8.8857 675783 2018/6/14 15:30:47 
2.6271 2.6979 61.0466 1.1747 10.1951 677619 2018/6/14 15:30:49 
2.6271 2.6833 70.8218 1.1747 10.9807 679452 2018/6/14 15:30:51 
2.6271 2.6931 75.7093 1.1744 11.3547 681284 2018/6/14 15:30:53 
2.6271 2.6882 61.0466 1.1744 10.1961 683117 2018/6/14 15:30:54 
2.6271 2.6784 46.3839 1.1744 8.8876 684950 2018/6/14 15:30:56 
2.6271 2.6979 70.8218 1.1744 10.9823 686802 2018/6/14 15:30:58 
2.6271 2.6931 51.2714 1.1744 9.3444 688636 2018/6/14 15:31:0 
2.6271 2.6833 61.0466 1.1744 10.1961 690469 2018/6/14 15:31:2 
2.6271 2.6833 65.9342 1.1744 10.5965 692305 2018/6/14 15:31:4 
2.6271 2.6784 51.2714 1.1744 9.3443 694138 2018/6/14 15:31:5 
2.6271 2.6979 61.0466 1.1744 10.1964 695970 2018/6/14 15:31:7 
2.6271 2.6931 41.4963 1.1744 8.4066 697803 2018/6/14 15:31:9 
2.6271 2.6833 65.9342 1.1744 10.5966 699636 2018/6/14 15:31:11 
2.6271 2.6735 65.9342 1.1744 10.5967 701469 2018/6/14 15:31:13 
2.6271 2.6686 65.9342 1.1744 10.5965 703301 2018/6/14 15:31:15 
2.6271 2.6931 65.9342 1.1742 10.5973 705134 2018/6/14 15:31:16 
2.6271 2.6931 61.0466 1.1742 10.1972 706977 2018/6/14 15:31:18 
2.6271 2.6833 70.8218 1.1742 10.9833 708810 2018/6/14 15:31:20 
2.6271 2.6588 65.9342 1.1741 10.5978 710643 2018/6/14 15:31:22 
2.6271 2.6833 70.8218 1.1741 10.9838 712476 2018/6/14 15:31:24 
2.6271 2.6784 51.2714 1.1738 9.3465 714309 2018/6/14 15:31:26 
2.6271 2.6882 70.8218 1.1739 10.9848 716142 2018/6/14 15:31:27 
2.6271 2.6979 61.0466 1.1736 10.1995 717975 2018/6/14 15:31:29 
2.6271 2.6833 65.9342 1.1736 10.6001 719807 2018/6/14 15:31:31 
2.6271 2.6833 51.2714 1.1735 9.3480 721644 2018/6/14 15:31:33 
2.6271 2.6833 70.8218 1.1734 10.9868 723476 2018/6/14 15:31:35 
2.6271 2.6784 65.9342 1.1734 10.6009 725309 2018/6/14 15:31:37 
2.6271 2.6784 56.1590 1.1735 9.7833 727142 2018/6/14 15:31:38 
2.6271 2.6882 51.2714 1.1735 9.3480 728975 2018/6/14 15:31:40 
2.6271 2.6833 65.9342 1.1735 10.6007 730807 2018/6/14 15:31:42 
2.6271 2.6833 65.9342 1.1734 10.6008 732640 2018/6/14 15:31:44 
2.6271 2.6784 41.4963 1.1736 8.4091 734473 2018/6/14 15:31:46 
2.6271 2.6686 51.2714 1.1735 9.3477 736309 2018/6/14 15:31:48 
2.6271 2.6882 70.8218 1.1733 10.9875 738142 2018/6/14 15:31:49 
2.6271 2.6931 75.7093 1.1735 11.3592 739975 2018/6/14 15:31:51 
2.6271 2.7028 70.8218 1.1733 10.9872 741807 2018/6/14 15:31:53 
2.6271 2.6882 51.2714 1.1733 9.3485 743640 2018/6/14 15:31:55 
2.6271 2.6882 51.2714 1.1734 9.3484 745473 2018/6/14 15:31:57 
2.6271 2.6833 75.7093 1.1734 11.3598 747305 2018/6/14 15:31:59 
2.6271 2.6833 65.9342 1.1731 10.6026 749138 2018/6/14 15:32:0 
2.6271 2.6833 61.0466 1.1731 10.2019 750974 2018/6/14 15:32:2 
2.6271 2.6735 65.9342 1.1731 10.6025 752806 2018/6/14 15:32:4 
2.6271 2.6882 61.0466 1.1731 10.2019 754639 2018/6/14 15:32:6 
2.6271 2.6833 56.1590 1.1728 9.7862 756472 2018/6/14 15:32:8 
2.6271 2.6784 80.5969 1.1728 11.7234 758305 2018/6/14 15:32:10 
2.6271 2.6833 61.0466 1.1729 10.2027 760137 2018/6/14 15:32:11 
2.6271 2.6882 61.0466 1.1727 10.2037 761970 2018/6/14 15:32:13 
2.6271 2.6784 80.5969 1.1727 11.7243 763803 2018/6/14 15:32:15 
2.6271 2.6979 56.1590 1.1728 9.7860 765639 2018/6/14 15:32:17 
2.6271 2.6979 56.1590 1.1732 9.7845 767472 2018/6/14 15:32:19 
2.6271 2.6833 70.8218 1.1732 10.9879 769305 2018/6/14 15:32:21 
2.6271 2.6882 61.0466 1.1734 10.2004 771137 2018/6/14 15:32:22 
2.6271 2.6833 61.0466 1.1734 10.2006 772970 2018/6/14 15:32:24 
2.6271 2.6882 70.8218 1.1734 10.9867 774803 2018/6/14 15:32:26 
2.6271 2.6882 65.9342 1.1733 10.6013 776636 2018/6/14 15:32:28 
2.6271 2.6882 65.9342 1.1738 10.5990 778469 2018/6/14 15:32:30 
2.6271 2.6833 70.8218 1.1744 10.9822 780305 2018/6/14 15:32:32 
2.6271 2.6735 56.1590 1.1747 9.7782 782138 2018/6/14 15:32:33 
2.6271 2.6686 61.0466 1.1746 10.1955 783970 2018/6/14 15:32:35 
2.6271 2.6833 46.3839 1.1750 8.8856 785803 2018/6/14 15:32:37 
2.6271 2.6979 56.1590 1.1752 9.7762 787636 2018/6/14 15:32:39 
2.6271 2.6833 61.0466 1.1757 10.1904 789469 2018/6/14 15:32:41 
2.6271 2.6979 61.0466 1.1761 10.1888 791301 2018/6/14 15:32:43 
2.6271 2.6931 80.5969 1.1763 11.7061 793134 2018/6/14 15:32:44 
2.6271 2.6686 56.1590 1.1766 9.7703 794970 2018/6/14 15:32:46 
2.6271 2.6833 70.8218 1.1764 10.9728 796803 2018/6/14 15:32:48 
2.6271 2.6882 65.9342 1.1766 10.5866 798655 2018/6/14 15:32:50 
2.6271 2.6882 61.0466 1.1767 10.1863 800488 2018/6/14 15:32:52 
2.6271 2.6735 46.3839 1.1767 8.8790 802321 2018/6/14 15:32:54 
2.6271 2.6931 56.1590 1.1767 9.7698 804154 2018/6/14 15:32:55 
2.6271 2.6833 51.2714 1.1765 9.3358 805986 2018/6/14 15:32:57 
2.6271 2.7077 41.4963 1.1765 8.3989 807819 2018/6/14 15:32:59 
2.6271 2.6882 65.9342 1.1765 10.5871 809655 2018/6/14 15:33:1 
2.6271 2.6833 51.2714 1.1762 9.3370 811488 2018/6/14 15:33:3 
2.6271 2.6931 61.0466 1.1763 10.1880 813321 2018/6/14 15:33:4 
2.6271 2.6686 46.3839 1.1761 8.8815 815153 2018/6/14 15:33:6 
2.6271 2.6931 70.8218 1.1761 10.9744 816986 2018/6/14 15:33:8 
2.6271 2.6784 46.3839 1.1761 8.8814 818819 2018/6/14 15:33:10 
2.6271 2.6784 65.9342 1.1758 10.5900 820652 2018/6/14 15:33:12 
2.6271 2.6882 65.9342 1.1757 10.5904 822483 2018/6/14 15:33:14 
2.6271 2.6931 61.0466 1.1758 10.1903 824321 2018/6/14 15:33:15 
2.6271 2.6833 56.1590 1.1756 9.7747 826152 2018/6/14 15:33:17 
2.6271 2.6833 61.0466 1.1755 10.1913 827985 2018/6/14 15:33:19 
2.6271 2.6735 51.2714 1.1755 9.3399 829818 2018/6/14 15:33:21 
2.6271 2.6979 51.2714 1.1753 9.3407 831651 2018/6/14 15:33:23 
2.6271 2.6833 56.1590 1.1753 9.7759 833483 2018/6/14 15:33:25 
2.6271 2.6931 61.0466 1.1750 10.1935 835316 2018/6/14 15:33:26 
2.6271 2.6882 61.0466 1.1751 10.1933 837149 2018/6/14 15:33:28 
2.6271 2.6882 56.1590 1.1748 9.7777 838985 2018/6/14 15:33:30 
2.6271 2.6735 70.8218 1.1749 10.9801 840818 2018/6/14 15:33:32 
2.6271 2.6784 56.1590 1.1746 9.7786 842651 2018/6/14 15:33:34 
2.6271 2.6979 65.9342 1.1746 10.5958 844483 2018/6/14 15:33:36 
2.6271 2.6833 56.1590 1.1746 9.7785 846316 2018/6/14 15:33:37 
2.6271 2.6735 56.1590 1.1746 9.7786 848149 2018/6/14 15:33:39 
2.6271 2.6735 56.1590 1.1744 9.7793 849982 2018/6/14 15:33:41 
2.6271 2.6735 56.1590 1.1744 9.7793 851814 2018/6/14 15:33:43 
2.6271 2.6931 56.1590 1.1742 9.7803 853650 2018/6/14 15:33:45 
2.6271 2.6735 56.1590 1.1741 9.7808 855483 2018/6/14 15:33:47 
2.6271 2.6979 65.9342 1.1741 10.5977 857316 2018/6/14 15:33:48 
2.6271 2.6784 56.1590 1.1739 9.7817 859149 2018/6/14 15:33:50 
2.6271 2.6882 46.3839 1.1738 8.8900 860981 2018/6/14 15:33:52 
2.6271 2.6833 65.9342 1.1738 10.5990 862814 2018/6/14 15:33:54 
2.6271 2.6833 65.9342 1.1735 10.6004 864647 2018/6/14 15:33:56 
2.6271 2.6979 51.2714 1.1737 9.3470 866480 2018/6/14 15:33:58 
2.6271 2.6882 70.8218 1.1735 10.9866 868313 2018/6/14 15:33:59 
2.6271 2.6833 61.0466 1.1736 10.1995 870142 2018/6/14 15:34:1 
2.6271 2.6931 61.0466 1.1736 10.1996 871975 2018/6/14 15:34:3 
2.6271 2.6931 51.2714 1.1736 9.3473 873807 2018/6/14 15:34:5 
2.6271 2.6784 61.0466 1.1737 10.1993 875640 2018/6/14 15:34:7 
2.6271 2.6882 61.0466 1.1736 10.1994 877473 2018/6/14 15:34:9 
2.6271 2.6833 51.2714 1.1737 9.3471 879306 2018/6/14 15:34:10 
2.6271 2.6882 65.9342 1.1735 10.6005 881138 2018/6/14 15:34:12 
2.6271 2.6882 65.9342 1.1733 10.6015 882971 2018/6/14 15:34:14 
2.6271 2.6784 80.5969 1.1731 11.7224 884807 2018/6/14 15:34:16 
2.6271 2.6931 65.9342 1.1729 10.6034 886640 2018/6/14 15:34:18 
2.6271 2.6931 65.9342 1.1729 10.6034 888473 2018/6/14 15:34:20 
2.6271 2.7028 61.0466 1.1726 10.2039 890306 2018/6/14 15:34:21 
2.6271 2.6735 51.2714 1.1726 9.3513 892139 2018/6/14 15:34:23 
2.6271 2.6784 70.8218 1.1724 10.9915 893971 2018/6/14 15:34:25 
2.6271 2.6882 70.8218 1.1726 10.9905 895804 2018/6/14 15:34:27 
2.6271 2.6882 80.5969 1.1724 11.7255 897637 2018/6/14 15:34:29 
2.6271 2.6931 65.9342 1.1724 10.6057 899473 2018/6/14 15:34:31 
2.6271 2.6882 51.2714 1.1724 9.3522 901306 2018/6/14 15:34:32 
2.6271 2.6784 51.2714 1.1724 9.3520 903139 2018/6/14 15:34:34 
2.6271 2.6784 65.9342 1.1724 10.6053 904972 2018/6/14 15:34:36 
2.6271 2.6882 70.8218 1.1727 10.9902 906804 2018/6/14 15:34:38 
2.6271 2.6735 65.9342 1.1727 10.6043 908637 2018/6/14 15:34:40 
2.6271 2.6833 56.1590 1.1727 9.7867 910490 2018/6/14 15:34:42 
2.6271 2.6735 56.1590 1.1727 9.7864 912322 2018/6/14 15:34:43 
2.6271 2.6735 85.4845 1.1727 12.0744 914159 2018/6/14 15:34:45 
2.6271 2.6735 61.0466 1.1725 10.2045 915991 2018/6/14 15:34:47 
2.6271 2.6931 56.1590 1.1727 9.7867 917824 2018/6/14 15:34:49 
2.6271 2.6882 65.9342 1.1727 10.6043 919657 2018/6/14 15:34:51 
2.6271 2.6784 51.2714 1.1728 9.3506 921490 2018/6/14 15:34:53 
2.6271 2.6882 61.0466 1.1728 10.2032 923323 2018/6/14 15:34:54 
2.6271 2.6882 56.1590 1.1726 9.7872 925155 2018/6/14 15:34:56 
2.6271 2.6784 61.0466 1.1725 10.2042 926988 2018/6/14 15:34:58 
2.6271 2.6833 46.3839 1.1726 8.8947 928824 2018/6/14 15:35:0 
2.6271 2.7028 56.1590 1.1728 9.7862 930657 2018/6/14 15:35:2 
2.6271 2.6735 61.0466 1.1727 10.2034 932490 2018/6/14 15:35:3 
2.6271 2.6784 61.0466 1.1728 10.2031 934322 2018/6/14 15:35:5 
2.6271 2.6686 56.1590 1.1730 9.7853 936155 2018/6/14 15:35:7 
2.6271 2.6979 51.2714 1.1730 9.3499 937988 2018/6/14 15:35:9 
2.6271 2.6882 70.8218 1.1730 10.9886 939820 2018/6/14 15:35:11 
2.6271 2.6833 56.1590 1.1732 9.7846 941652 2018/6/14 15:35:13 
2.6271 2.7028 70.8218 1.1732 10.9878 943496 2018/6/14 15:35:14 
2.6271 2.6833 51.2714 1.1733 9.3487 945329 2018/6/14 15:35:16 
2.6271 2.6784 51.2714 1.1732 9.3489 947162 2018/6/14 15:35:18 
2.6271 2.6833 65.9342 1.1731 10.6024 948995 2018/6/14 15:35:20 
2.6271 2.6931 56.1590 1.1733 9.7841 950828 2018/6/14 15:35:22 
2.6271 2.6882 65.9342 1.1734 10.6012 952660 2018/6/14 15:35:24 
2.6271 2.6735 65.9342 1.1733 10.6012 954492 2018/6/14 15:35:25 
2.6271 2.6882 46.3839 1.1734 8.8915 956325 2018/6/14 15:35:27 
2.6271 2.6784 51.2714 1.1734 9.3483 958173 2018/6/14 15:35:29 
2.6271 2.6784 56.1590 1.1732 9.7847 960006 2018/6/14 15:35:31 
2.6271 2.6833 46.3839 1.1731 8.8927 961839 2018/6/14 15:35:33 
2.6271 2.6833 65.9342 1.1731 10.6023 963672 2018/6/14 15:35:35 
2.6271 2.6882 51.2714 1.1733 9.3486 965504 2018/6/14 15:35:36 
2.6271 2.6735 51.2714 1.1734 9.3484 967336 2018/6/14 15:35:38 
2.6271 2.6784 61.0466 1.1733 10.2008 969169 2018/6/14 15:35:40 
2.6271 2.6882 56.1590 1.1736 9.7830 971002 2018/6/14 15:35:42 
2.6271 2.6784 70.8218 1.1735 10.9863 972838 2018/6/14 15:35:44 
2.6271 2.6833 56.1590 1.1735 9.7832 974671 2018/6/14 15:35:46 
2.6271 2.6931 51.2714 1.1734 9.3481 976503 2018/6/14 15:35:47 
2.6271 2.6735 70.8218 1.1735 10.9866 978336 2018/6/14 15:35:49 
2.6271 2.6784 70.8218 1.1735 10.9864 980169 2018/6/14 15:35:51 
2.6271 2.6833 56.1590 1.1734 9.7836 982002 2018/6/14 15:35:53 
2.6271 2.6931 56.1590 1.1735 9.7834 983834 2018/6/14 15:35:55 
2.6271 2.6882 65.9342 1.1735 10.6007 985667 2018/6/14 15:35:57 
2.6271 2.6931 51.2714 1.1735 9.3480 987503 2018/6/14 15:35:58 
2.6271 2.6931 46.3839 1.1737 8.8902 989336 2018/6/14 15:36:0 
2.6271 2.6979 51.2714 1.1736 9.3475 991169 2018/6/14 15:36:2 
2.6271 2.6882 61.0466 1.1738 10.1987 993001 2018/6/14 15:36:4 
2.6271 2.6979 61.0466 1.1739 10.1983 994834 2018/6/14 15:36:6 
2.6271 2.6784 46.3839 1.1738 8.8900 996667 2018/6/14 15:36:8 
2.6271 2.6686 56.1590 1.1739 9.7817 998500 2018/6/14 15:36:9 
2.6271 2.6784 51.2714 1.1741 9.3453 1000332 2018/6/14 15:36:11 
2.6271 2.6833 65.9342 1.1742 10.5975 1002168 2018/6/14 15:36:13 
2.6271 2.6833 51.2714 1.1742 9.3451 1004001 2018/6/14 15:36:15 
2.6271 2.6833 56.1590 1.1741 9.7806 1005834 2018/6/14 15:36:17 
2.6271 2.6979 56.1590 1.1742 9.7805 1007667 2018/6/14 15:36:19 
2.6271 2.6784 70.8218 1.1742 10.9833 1009500 2018/6/14 15:36:20 
2.6271 2.6833 46.3839 1.1741 8.8888 1011332 2018/6/14 15:36:22 
2.6271 2.6784 46.3839 1.1742 8.8884 1013165 2018/6/14 15:36:24 
2.6271 2.6882 46.3839 1.1741 8.8887 1014998 2018/6/14 15:36:26 
2.6271 2.6931 51.2714 1.1743 9.3445 1016834 2018/6/14 15:36:28 
2.6271 2.6784 61.0466 1.1746 10.1952 1018667 2018/6/14 15:36:30 
2.6271 2.6833 51.2714 1.1744 9.3444 1020520 2018/6/14 15:36:31 
2.6271 2.6784 51.2714 1.1744 9.3442 1022355 2018/6/14 15:36:33 
2.6271 2.6735 70.8218 1.1746 10.9813 1024187 2018/6/14 15:36:35 
2.6271 2.6882 65.9342 1.1748 10.5945 1026020 2018/6/14 15:36:37 
2.6271 2.6931 46.3839 1.1748 8.8861 1027853 2018/6/14 15:36:39 
2.6271 2.6882 46.3839 1.1749 8.8860 1029686 2018/6/14 15:36:41 
2.6271 2.6833 61.0466 1.1748 10.1943 1031522 2018/6/14 15:36:42 
2.6271 2.6686 51.2714 1.1748 9.3425 1033355 2018/6/14 15:36:44 
2.6271 2.7126 61.0466 1.1748 10.1946 1035188 2018/6/14 15:36:46 
2.6271 2.6833 61.0466 1.1746 10.1954 1037020 2018/6/14 15:36:48 
2.6271 2.6882 65.9342 1.1750 10.5940 1038853 2018/6/14 15:36:50 
2.6271 2.6931 61.0466 1.1750 10.1934 1040686 2018/6/14 15:36:52 
2.6271 2.6882 56.1590 1.1755 9.7750 1042519 2018/6/14 15:36:53 
2.6271 2.6882 51.2714 1.1758 9.3387 1044350 2018/6/14 15:36:55 
2.6271 2.6833 56.1590 1.1760 9.7727 1046188 2018/6/14 15:36:57 
2.6271 2.6931 51.2714 1.1761 9.3376 1048019 2018/6/14 15:36:59 
2.6271 2.6784 65.9342 1.1761 10.5888 1049852 2018/6/14 15:37:1 
2.6271 2.6833 61.0466 1.1760 10.1890 1051685 2018/6/14 15:37:3 
2.6271 2.6979 46.3839 1.1761 8.8814 1053518 2018/6/14 15:37:4 
2.6271 2.6931 61.0466 1.1761 10.1890 1055350 2018/6/14 15:37:6 
2.6271 2.6979 65.9342 1.1760 10.5894 1057183 2018/6/14 15:37:8 
2.6271 2.6784 46.3839 1.1759 8.8821 1059016 2018/6/14 15:37:10 
2.6271 2.6979 56.1590 1.1759 9.7734 1060852 2018/6/14 15:37:12 
2.6271 2.6784 65.9342 1.1759 10.5899 1062685 2018/6/14 15:37:13 
2.6271 2.6979 61.0466 1.1759 10.1897 1064518 2018/6/14 15:37:15 
2.6271 2.6833 56.1590 1.1759 9.7734 1066351 2018/6/14 15:37:17 
2.6271 2.6784 75.7093 1.1758 11.3479 1068183 2018/6/14 15:37:19 
2.6271 2.6882 65.9342 1.1758 10.5901 1070016 2018/6/14 15:37:21 
2.6271 2.6833 65.9342 1.1756 10.5909 1071849 2018/6/14 15:37:23 
2.6271 2.6882 61.0466 1.1758 10.1903 1073682 2018/6/14 15:37:24 
2.6271 2.6882 51.2714 1.1756 9.3397 1075518 2018/6/14 15:37:26 
2.6271 2.6882 75.7093 1.1755 11.3495 1077351 2018/6/14 15:37:28 
2.6271 2.6931 65.9342 1.1753 10.5923 1079184 2018/6/14 15:37:30 
2.6271 2.6979 65.9342 1.1753 10.5924 1081017 2018/6/14 15:37:32 
2.6271 2.6833 70.8218 1.1750 10.9794 1082849 2018/6/14 15:37:34 
2.6271 2.6833 51.2714 1.1751 9.3415 1084682 2018/6/14 15:37:35 
2.6271 2.6882 56.1590 1.1751 9.7767 1086515 2018/6/14 15:37:37 
2.6271 2.6637 51.2714 1.1749 9.3424 1088348 2018/6/14 15:37:39 
2.6271 2.6979 65.9342 1.1749 10.5943 1090184 2018/6/14 15:37:41 
2.6271 2.6882 56.1590 1.1749 9.7774 1092017 2018/6/14 15:37:43 
2.6271 2.6931 61.0466 1.1747 10.1949 1093850 2018/6/14 15:37:45 
2.6271 2.6784 56.1590 1.1747 9.7781 1095682 2018/6/14 15:37:46 
2.6271 2.6735 61.0466 1.1745 10.1958 1097515 2018/6/14 15:37:48 
2.6271 2.6882 61.0466 1.1744 10.1961 1099347 2018/6/14 15:37:50 
2.6271 2.6833 61.0466 1.1744 10.1960 1101180 2018/6/14 15:37:52 
2.6271 2.6735 70.8218 1.1743 10.9825 1103013 2018/6/14 15:37:54 
2.6271 2.6882 70.8218 1.1742 10.9831 1104849 2018/6/14 15:37:56 
2.6271 2.6833 61.0466 1.1740 10.1981 1106682 2018/6/14 15:37:57 
2.6271 2.6882 65.9342 1.1739 10.5988 1108515 2018/6/14 15:37:59 
2.6271 2.6784 65.9342 1.1739 10.5987 1110347 2018/6/14 15:38:1 
2.6271 2.6979 36.6087 1.1737 7.8982 1112180 2018/6/14 15:38:3 
2.6271 2.6931 61.0466 1.1740 10.1981 1114013 2018/6/14 15:38:5 
2.6271 2.6979 51.2714 1.1739 9.3463 1115846 2018/6/14 15:38:7 
2.6271 2.7028 41.4963 1.1739 8.4083 1117678 2018/6/14 15:38:8 
2.6271 2.6833 70.8218 1.1737 10.9854 1119515 2018/6/14 15:38:10 
2.6271 2.6882 46.3839 1.1737 8.8904 1121347 2018/6/14 15:38:12 
2.6271 2.6735 65.9342 1.1737 10.5997 1123180 2018/6/14 15:38:14 
2.6271 2.6931 65.9342 1.1736 10.6002 1125013 2018/6/14 15:38:16 
2.6271 2.6784 65.9342 1.1736 10.6002 1126846 2018/6/14 15:38:18 
2.6271 2.6833 65.9342 1.1733 10.6014 1128679 2018/6/14 15:38:19 
2.6271 2.6882 56.1590 1.1733 9.7839 1130511 2018/6/14 15:38:21 
2.6271 2.6931 51.2714 1.1731 9.3494 1132366 2018/6/14 15:38:23 
2.6271 2.6882 65.9342 1.1731 10.6022 1134203 2018/6/14 15:38:25 
2.6271 2.6882 56.1590 1.1733 9.7840 1136035 2018/6/14 15:38:27 
2.6271 2.6686 61.0466 1.1733 10.2008 1137868 2018/6/14 15:38:29 
2.6271 2.6882 56.1590 1.1733 9.7840 1139701 2018/6/14 15:38:30 
2.6271 2.6784 65.9342 1.1733 10.6015 1141534 2018/6/14 15:38:32 
2.6271 2.6882 65.9342 1.1733 10.6015 1143367 2018/6/14 15:38:34 
2.6271 2.6735 61.0466 1.1735 10.2000 1145199 2018/6/14 15:38:36 
2.6271 2.6882 65.9342 1.1736 10.6002 1147032 2018/6/14 15:38:38 
2.6271 2.6784 61.0466 1.1737 10.1993 1148869 2018/6/14 15:38:40 
2.6271 2.6833 61.0466 1.1737 10.1992 1150701 2018/6/14 15:38:41 
2.6271 2.6882 75.7093 1.1740 11.3566 1152534 2018/6/14 15:38:43 
2.6271 2.6882 61.0466 1.1738 10.1990 1154367 2018/6/14 15:38:45 
2.6271 2.6784 65.9342 1.1738 10.5992 1156200 2018/6/14 15:38:47 
2.6271 2.6833 46.3839 1.1739 8.8897 1158033 2018/6/14 15:38:49 
2.6271 2.6882 56.1590 1.1738 9.7819 1159866 2018/6/14 15:38:51 
2.6271 2.6931 70.8218 1.1738 10.9849 1161699 2018/6/14 15:38:52 
2.6271 2.6784 61.0466 1.1739 10.1985 1163535 2018/6/14 15:38:54 
2.6271 2.6735 56.1590 1.1738 9.7818 1165368 2018/6/14 15:38:56 
2.6271 2.6637 70.8218 1.1739 10.9843 1167200 2018/6/14 15:38:58 
2.6271 2.6833 61.0466 1.1742 10.1972 1169033 2018/6/14 15:39:0 
2.6271 2.6882 51.2714 1.1743 9.3447 1170866 2018/6/14 15:39:2 
2.6271 2.6931 85.4845 1.1742 12.0667 1172699 2018/6/14 15:39:3 
2.6271 2.6979 61.0466 1.1739 10.1982 1174532 2018/6/14 15:39:5 
2.6271 2.6833 65.9342 1.1739 10.5985 1176365 2018/6/14 15:39:7 
2.6271 2.6735 61.0466 1.1740 10.1979 1178207 2018/6/14 15:39:9 
2.6271 2.6784 65.9342 1.1739 10.5986 1180040 2018/6/14 15:39:11 
2.6271 2.6979 70.8218 1.1738 10.9853 1181873 2018/6/14 15:39:13 
2.6271 2.6882 61.0466 1.1738 10.1988 1183706 2018/6/14 15:39:14 
2.6271 2.6882 61.0466 1.1735 10.2000 1185539 2018/6/14 15:39:16 
2.6271 2.6882 65.9342 1.1735 10.6007 1187372 2018/6/14 15:39:18 
2.6271 2.7077 65.9342 1.1732 10.6017 1189204 2018/6/14 15:39:20 
2.6271 2.6979 61.0466 1.1734 10.2005 1191037 2018/6/14 15:39:22 
2.6271 2.6931 61.0466 1.1731 10.2017 1192873 2018/6/14 15:39:23 
2.6271 2.6833 75.7093 1.1731 11.3612 1194706 2018/6/14 15:39:25 
2.6271 2.6833 70.8218 1.1733 10.9873 1196539 2018/6/14 15:39:27 
2.6271 2.6735 56.1590 1.1731 9.7850 1198371 2018/6/14 15:39:29 
2.6271 2.6833 51.2714 1.1733 9.3486 1200204 2018/6/14 15:39:31 
2.6271 2.6833 70.8218 1.1735 10.9862 1202037 2018/6/14 15:39:33 
2.6271 2.6979 70.8218 1.1735 10.9862 1203870 2018/6/14 15:39:34 
2.6271 2.6882 51.2714 1.1736 9.3475 1205706 2018/6/14 15:39:36 
2.6271 2.6979 75.7093 1.1736 11.3586 1207539 2018/6/14 15:39:38 
2.6271 2.6784 56.1590 1.1737 9.7825 1209372 2018/6/14 15:39:40 
2.6271 2.6833 51.2714 1.1737 9.3472 1211204 2018/6/14 15:39:42 
2.6271 2.6882 56.1590 1.1736 9.7826 1213037 2018/6/14 15:39:44 
2.6271 2.6882 65.9342 1.1737 10.5998 1214870 2018/6/14 15:39:45 
2.6271 2.6833 46.3839 1.1740 8.8891 1216703 2018/6/14 15:39:47 
2.6271 2.6979 36.6087 1.1739 7.8974 1218536 2018/6/14 15:39:49 
2.6271 2.6833 56.1590 1.1742 9.7805 1220372 2018/6/14 15:39:51 
2.6271 2.6833 56.1590 1.1742 9.7804 1222204 2018/6/14 15:39:53 
2.6271 2.6833 61.0466 1.1742 10.1971 1224037 2018/6/14 15:39:55 
2.6271 2.6784 61.0466 1.1744 10.1962 1225870 2018/6/14 15:39:56 
2.6271 2.6882 56.1590 1.1745 9.7792 1227703 2018/6/14 15:39:58 
2.6271 2.6784 56.1590 1.1744 9.7793 1229536 2018/6/14 15:40:0 
2.6271 2.6979 51.2714 1.1745 9.3439 1231368 2018/6/14 15:40:2 
2.6271 2.6882 61.0466 1.1742 10.1970 1233201 2018/6/14 15:40:4 
2.6271 2.6882 51.2714 1.1742 9.3449 1235037 2018/6/14 15:40:6 
2.6271 2.6931 56.1590 1.1742 9.7805 1236870 2018/6/14 15:40:7 
2.6271 2.6735 70.8218 1.1741 10.9834 1238703 2018/6/14 15:40:9 
2.6271 2.6882 51.2714 1.1742 9.3451 1240536 2018/6/14 15:40:11 
2.6271 2.6882 61.0466 1.1742 10.1971 1242386 2018/6/14 15:40:13 
2.6271 2.6784 70.8218 1.1740 10.9843 1244220 2018/6/14 15:40:15 
2.6271 2.6931 51.2714 1.1739 9.3464 1246053 2018/6/14 15:40:17 
2.6271 2.6686 70.8218 1.1739 10.9846 1247886 2018/6/14 15:40:18 
2.6271 2.6784 65.9342 1.1738 10.5991 1249722 2018/6/14 15:40:20 
2.6271 2.6882 75.7093 1.1736 11.3587 1251555 2018/6/14 15:40:22 
2.6271 2.6784 56.1590 1.1736 9.7830 1253388 2018/6/14 15:40:24 
2.6271 2.6833 51.2714 1.1736 9.3475 1255220 2018/6/14 15:40:26 
2.6271 2.6931 61.0466 1.1736 10.1997 1257053 2018/6/14 15:40:28 
2.6271 2.6833 70.8218 1.1736 10.9858 1258886 2018/6/14 15:40:29 
2.6271 2.6686 61.0466 1.1736 10.1996 1260719 2018/6/14 15:40:31 
2.6271 2.6979 70.8218 1.1737 10.9857 1262552 2018/6/14 15:40:33 
2.6271 2.6931 56.1590 1.1739 9.7816 1264388 2018/6/14 15:40:35 
2.6271 2.6735 51.2714 1.1739 9.3464 1266221 2018/6/14 15:40:37 
2.6271 2.6735 46.3839 1.1742 8.8887 1268052 2018/6/14 15:40:39 
2.6271 2.6931 65.9342 1.1745 10.5962 1269885 2018/6/14 15:40:40 
2.6271 2.6931 65.9342 1.1745 10.5960 1271718 2018/6/14 15:40:42 
2.6271 2.6784 61.0466 1.1747 10.1949 1273551 2018/6/14 15:40:44 
2.6271 2.6784 70.8218 1.1747 10.9807 1275384 2018/6/14 15:40:46 
2.6271 2.6931 70.8218 1.1748 10.9804 1277217 2018/6/14 15:40:48 
2.6271 2.6833 75.7093 1.1747 11.3533 1279053 2018/6/14 15:40:50 
2.6271 2.6882 51.2714 1.1745 9.3440 1280886 2018/6/14 15:40:51 
2.6271 2.6833 56.1590 1.1745 9.7791 1282718 2018/6/14 15:40:53 
2.6271 2.6931 70.8218 1.1744 10.9824 1284551 2018/6/14 15:40:55 
2.6271 2.6833 70.8218 1.1744 10.9822 1286384 2018/6/14 15:40:57 
2.6271 2.6931 61.0466 1.1746 10.1955 1288217 2018/6/14 15:40:59 
2.6271 2.6931 65.9342 1.1745 10.5959 1290050 2018/6/14 15:41:1 
2.6271 2.6931 56.1590 1.1746 9.7785 1291882 2018/6/14 15:41:2 
2.6271 2.6833 56.1590 1.1747 9.7782 1293718 2018/6/14 15:41:4 
2.6271 2.6931 46.3839 1.1747 8.8866 1295551 2018/6/14 15:41:6 
2.6271 2.6882 56.1590 1.1747 9.7782 1297384 2018/6/14 15:41:8 
2.6271 2.6784 46.3839 1.1747 8.8866 1299217 2018/6/14 15:41:10 
2.6271 2.6833 65.9342 1.1747 10.5951 1301050 2018/6/14 15:41:12 
2.6271 2.6931 61.0466 1.1747 10.1949 1302882 2018/6/14 15:41:13 
2.6271 2.6784 65.9342 1.1747 10.5950 1304715 2018/6/14 15:41:15 
2.6271 2.6833 61.0466 1.1747 10.1948 1306548 2018/6/14 15:41:17 
2.6271 2.6882 65.9342 1.1747 10.5952 1308384 2018/6/14 15:41:19 
2.6271 2.6833 56.1590 1.1747 9.7784 1310217 2018/6/14 15:41:21 
2.6271 2.6882 56.1590 1.1747 9.7784 1312050 2018/6/14 15:41:22 
2.6271 2.6833 56.1590 1.1749 9.7776 1313883 2018/6/14 15:41:24 
2.6271 2.6833 61.0466 1.1748 10.1945 1315715 2018/6/14 15:41:26 
2.6271 2.6882 56.1590 1.1748 9.7777 1317548 2018/6/14 15:41:28 
2.6271 2.6833 46.3839 1.1750 8.8854 1319380 2018/6/14 15:41:30 
2.6271 2.7028 51.2714 1.1753 9.3408 1321213 2018/6/14 15:41:32 
2.6271 2.6833 70.8218 1.1754 10.9778 1323049 2018/6/14 15:41:33 
2.6271 2.6833 65.9342 1.1753 10.5922 1324882 2018/6/14 15:41:35 
2.6271 2.6784 51.2714 1.1753 9.3407 1326715 2018/6/14 15:41:37 
2.6271 2.6931 51.2714 1.1753 9.3407 1328547 2018/6/14 15:41:39 
2.6271 2.6882 65.9342 1.1756 10.5911 1330380 2018/6/14 15:41:41 
2.6271 2.6931 56.1590 1.1756 9.7747 1332213 2018/6/14 15:41:43 
2.6271 2.7028 51.2714 1.1756 9.3394 1334046 2018/6/14 15:41:44 
2.6271 2.6833 61.0466 1.1758 10.1901 1335879 2018/6/14 15:41:46 
2.6271 2.6979 61.0466 1.1759 10.1898 1337715 2018/6/14 15:41:48 
2.6271 2.6931 61.0466 1.1758 10.1900 1339548 2018/6/14 15:41:50 
2.6271 2.6833 70.8218 1.1759 10.9752 1341380 2018/6/14 15:41:52 
2.6271 2.6833 65.9342 1.1762 10.5884 1343213 2018/6/14 15:41:54 
2.6271 2.6979 46.3839 1.1761 8.8813 1345046 2018/6/14 15:41:55 
2.6271 2.6882 56.1590 1.1764 9.7712 1346879 2018/6/14 15:41:57 
2.6271 2.6931 61.0466 1.1764 10.1876 1348712 2018/6/14 15:41:59 
2.6271 2.6979 56.1590 1.1764 9.7713 1350544 2018/6/14 15:42:1 
2.6271 2.6735 46.3839 1.1764 8.8801 1352400 2018/6/14 15:42:3 
2.6271 2.6931 65.9342 1.1765 10.5870 1354235 2018/6/14 15:42:5 
2.6271 2.6735 61.0466 1.1763 10.1878 1356067 2018/6/14 15:42:6 
2.6271 2.6882 51.2714 1.1763 9.3366 1357900 2018/6/14 15:42:8 
2.6271 2.6784 65.9342 1.1763 10.5878 1359733 2018/6/14 15:42:10 
2.6271 2.6833 61.0466 1.1765 10.1871 1361566 2018/6/14 15:42:12 
2.6271 2.6784 51.2714 1.1766 9.3357 1363398 2018/6/14 15:42:14 
2.6271 2.6833 70.8218 1.1765 10.9723 1365231 2018/6/14 15:42:16 
2.6271 2.6833 51.2714 1.1768 9.3347 1367067 2018/6/14 15:42:17 
2.6271 2.7028 70.8218 1.1766 10.9721 1368900 2018/6/14 15:42:19 
2.6271 2.6833 65.9342 1.1768 10.5856 1370733 2018/6/14 15:42:21 
2.6271 2.6882 70.8218 1.1768 10.9710 1372566 2018/6/14 15:42:23 
2.6271 2.6784 51.2714 1.1768 9.3348 1374399 2018/6/14 15:42:25 
2.6271 2.7028 56.1590 1.1768 9.7693 1376232 2018/6/14 15:42:27 
2.6271 2.6833 56.1590 1.1769 9.7692 1378064 2018/6/14 15:42:28 
2.6271 2.6833 51.2714 1.1768 9.3347 1379897 2018/6/14 15:42:30 
2.6271 2.6931 65.9342 1.1768 10.5856 1381733 2018/6/14 15:42:32 
2.6271 2.6833 65.9342 1.1768 10.5858 1383566 2018/6/14 15:42:34 
2.6271 2.6882 56.1590 1.1768 9.7697 1385399 2018/6/14 15:42:36 
2.6271 2.6833 41.4963 1.1768 8.3978 1387232 2018/6/14 15:42:38 
2.6271 2.6882 65.9342 1.1768 10.5857 1389065 2018/6/14 15:42:39 
2.6271 2.6882 56.1590 1.1768 9.7694 1390897 2018/6/14 15:42:41 
2.6271 2.6882 46.3839 1.1768 8.8788 1392730 2018/6/14 15:42:43 
2.6271 2.6833 61.0466 1.1768 10.1859 1394563 2018/6/14 15:42:45 
2.6271 2.6882 46.3839 1.1770 8.8778 1396399 2018/6/14 15:42:47 
2.6271 2.6833 56.1590 1.1770 9.7685 1398232 2018/6/14 15:42:49 
2.6271 2.6784 70.8218 1.1771 10.9698 1400065 2018/6/14 15:42:50 
2.6271 2.6735 46.3839 1.1770 8.8777 1401896 2018/6/14 15:42:52 
2.6271 2.6833 75.7093 1.1770 11.3422 1403729 2018/6/14 15:42:54 
2.6271 2.6784 61.0466 1.1773 10.1838 1405562 2018/6/14 15:42:56 
2.6271 2.7028 65.9342 1.1772 10.5839 1407395 2018/6/14 15:42:58 
2.6271 2.6833 56.1590 1.1772 9.7677 1409228 2018/6/14 15:43:0 
2.6271 2.7028 56.1590 1.1773 9.7676 1411072 2018/6/14 15:43:1 
2.6271 2.6784 61.0466 1.1773 10.1837 1412904 2018/6/14 15:43:3 
2.6271 2.6784 51.2714 1.1773 9.3327 1414736 2018/6/14 15:43:5 
2.6271 2.6686 61.0466 1.1773 10.1838 1416569 2018/6/14 15:43:7 
2.6271 2.6931 65.9342 1.1773 10.5837 1418402 2018/6/14 15:43:9 
2.6271 2.6979 46.3839 1.1773 8.8768 1420235 2018/6/14 15:43:11 
2.6271 2.6833 61.0466 1.1773 10.1836 1422068 2018/6/14 15:43:12 
2.6271 2.6833 41.4963 1.1773 8.3960 1423901 2018/6/14 15:43:14 
2.6271 2.6931 61.0466 1.1771 10.1843 1425737 2018/6/14 15:43:16 
2.6271 2.6931 56.1590 1.1771 9.7682 1427570 2018/6/14 15:43:18 
2.6271 2.6833 65.9342 1.1772 10.5841 1429403 2018/6/14 15:43:20 
2.6271 2.6931 65.9342 1.1772 10.5841 1431235 2018/6/14 15:43:21 
2.6271 2.6735 56.1590 1.1771 9.7681 1433068 2018/6/14 15:43:23 
2.6271 2.6833 65.9342 1.1771 10.5842 1434901 2018/6/14 15:43:25 
2.6271 2.6931 65.9342 1.1769 10.5853 1436734 2018/6/14 15:43:27 
2.6271 2.6882 61.0466 1.1771 10.1846 1438567 2018/6/14 15:43:29 
2.6271 2.6735 46.3839 1.1773 8.8768 1440403 2018/6/14 15:43:31 
2.6271 2.6784 70.8218 1.1773 10.9686 1442236 2018/6/14 15:43:32 
2.6271 2.6833 51.2714 1.1772 9.3330 1444068 2018/6/14 15:43:34 
2.6271 2.6686 46.3839 1.1773 8.8769 1445901 2018/6/14 15:43:36 
2.6271 2.6931 65.9342 1.1772 10.5839 1447734 2018/6/14 15:43:38 
2.6271 2.6882 61.0466 1.1775 10.1830 1449567 2018/6/14 15:43:40 
2.6271 2.6833 65.9342 1.1773 10.5836 1451400 2018/6/14 15:43:42 
2.6271 2.6784 61.0466 1.1775 10.1828 1453232 2018/6/14 15:43:43 
2.6271 2.6931 56.1590 1.1773 9.7675 1455069 2018/6/14 15:43:45 
2.6271 2.6931 56.1590 1.1773 9.7675 1456901 2018/6/14 15:43:47 
2.6271 2.6931 61.0466 1.1773 10.1836 1458734 2018/6/14 15:43:49 
2.6271 2.6784 61.0466 1.1773 10.1835 1460567 2018/6/14 15:43:51 
2.6271 2.6882 56.1590 1.1773 9.7676 1462400 2018/6/14 15:43:53 
2.6271 2.6637 65.9342 1.1773 10.5836 1464250 2018/6/14 15:43:54 
2.6271 2.6882 56.1590 1.1772 9.7678 1466085 2018/6/14 15:43:56 
2.6271 2.6784 65.9342 1.1776 10.5822 1467917 2018/6/14 15:43:58 
2.6271 2.6882 61.0466 1.1779 10.1809 1469754 2018/6/14 15:44:0 
2.6271 2.7028 56.1590 1.1781 9.7642 1471586 2018/6/14 15:44:2 
2.6271 2.6833 51.2714 1.1781 9.3296 1473419 2018/6/14 15:44:4 
2.6271 2.6833 61.0466 1.1782 10.1799 1475252 2018/6/14 15:44:5 
2.6271 2.6735 51.2714 1.1782 9.3292 1477084 2018/6/14 15:44:7 
2.6271 2.6979 56.1590 1.1782 9.7636 1478917 2018/6/14 15:44:9 
2.6271 2.6931 56.1590 1.1782 9.7635 1480750 2018/6/14 15:44:11 
2.6271 2.6882 56.1590 1.1782 9.7635 1482583 2018/6/14 15:44:13 
2.6271 2.6784 51.2714 1.1780 9.3299 1484419 2018/6/14 15:44:15 
2.6271 2.6931 51.2714 1.1781 9.3298 1486251 2018/6/14 15:44:16 
2.6271 2.6979 70.8218 1.1781 10.9650 1488083 2018/6/14 15:44:18 
2.6271 2.6686 61.0466 1.1782 10.1799 1489916 2018/6/14 15:44:20 
2.6271 2.6931 46.3839 1.1787 8.8717 1491749 2018/6/14 15:44:22 
2.6271 2.6833 61.0466 1.1786 10.1779 1493582 2018/6/14 15:44:24 
2.6271 2.6833 75.7093 1.1788 11.3335 1495414 2018/6/14 15:44:26 
2.6271 2.6882 61.0466 1.1789 10.1767 1497247 2018/6/14 15:44:27 
2.6271 2.6882 56.1590 1.1791 9.7602 1499083 2018/6/14 15:44:29 
2.6271 2.6833 65.9342 1.1791 10.5751 1500916 2018/6/14 15:44:31 
2.6271 2.6882 70.8218 1.1792 10.9598 1502749 2018/6/14 15:44:33 
2.6271 2.6979 46.3839 1.1792 8.8695 1504582 2018/6/14 15:44:35 
2.6271 2.6882 65.9342 1.1792 10.5750 1506415 2018/6/14 15:44:37 
2.6271 2.6931 56.1590 1.1792 9.7594 1508247 2018/6/14 15:44:38 
2.6271 2.6833 46.3839 1.1792 8.8696 1510080 2018/6/14 15:44:40 
2.6271 2.6833 65.9342 1.1792 10.5749 1511913 2018/6/14 15:44:42 
2.6271 2.6784 61.0466 1.1792 10.1754 1513749 2018/6/14 15:44:44 
2.6271 2.6882 75.7093 1.1790 11.3327 1515582 2018/6/14 15:44:46 
2.6271 2.7028 61.0466 1.1790 10.1764 1517415 2018/6/14 15:44:48 
2.6271 2.6979 56.1590 1.1792 9.7596 1519248 2018/6/14 15:44:49 
2.6271 2.6735 70.8218 1.1790 10.9609 1521080 2018/6/14 15:44:51 
2.6271 2.6784 75.7093 1.1790 11.3326 1522913 2018/6/14 15:44:53 
2.6271 2.6931 61.0466 1.1790 10.1763 1524746 2018/6/14 15:44:55 
2.6271 2.6686 65.9342 1.1788 10.5767 1526582 2018/6/14 15:44:57 
2.6271 2.6784 56.1590 1.1788 9.7612 1528415 2018/6/14 15:44:59 
2.6271 2.6784 65.9342 1.1788 10.5766 1530248 2018/6/14 15:45:0 
2.6271 2.6735 56.1590 1.1788 9.7612 1532081 2018/6/14 15:45:2 
2.6271 2.6784 56.1590 1.1788 9.7613 1533913 2018/6/14 15:45:4 
2.6271 2.6979 61.0466 1.1788 10.1773 1535746 2018/6/14 15:45:6 
2.6271 2.6882 61.0466 1.1786 10.1782 1537579 2018/6/14 15:45:8 
2.6271 2.6931 61.0466 1.1786 10.1780 1539411 2018/6/14 15:45:10 
2.6271 2.6979 65.9342 1.1786 10.5776 1541248 2018/6/14 15:45:11 
2.6271 2.6931 61.0466 1.1783 10.1792 1543080 2018/6/14 15:45:13 
2.6271 2.6931 61.0466 1.1783 10.1791 1544913 2018/6/14 15:45:15 
2.6271 2.6833 56.1590 1.1783 9.7632 1546745 2018/6/14 15:45:17 
2.6271 2.6833 61.0466 1.1781 10.1801 1548578 2018/6/14 15:45:19 
2.6271 2.6882 51.2714 1.1781 9.3296 1550411 2018/6/14 15:45:20 
2.6271 2.7126 65.9342 1.1781 10.5799 1552244 2018/6/14 15:45:22 
2.6271 2.6833 65.9342 1.1781 10.5799 1554077 2018/6/14 15:45:24 
2.6271 2.6882 56.1590 1.1780 9.7644 1555913 2018/6/14 15:45:26 
2.6271 2.6784 61.0466 1.1780 10.1805 1557746 2018/6/14 15:45:28 
2.6271 2.6882 61.0466 1.1780 10.1804 1559578 2018/6/14 15:45:30 
2.6271 2.6931 65.9342 1.1782 10.5795 1561411 2018/6/14 15:45:31 
2.6271 2.6931 65.9342 1.1787 10.5770 1563244 2018/6/14 15:45:33 
2.6271 2.6979 31.7211 1.1788 7.3362 1565077 2018/6/14 15:45:35 
2.6271 2.6784 61.0466 1.1787 10.1776 1566910 2018/6/14 15:45:37 
2.6271 2.6979 51.2714 1.1789 9.3263 1568742 2018/6/14 15:45:39 
2.6271 2.6979 70.8218 1.1792 10.9600 1570579 2018/6/14 15:45:41 
2.6271 2.6833 56.1590 1.1792 9.7595 1572411 2018/6/14 15:45:42 
2.6271 2.6833 56.1590 1.1795 9.7583 1574263 2018/6/14 15:45:44 
2.6271 2.6979 65.9342 1.1795 10.5735 1576097 2018/6/14 15:45:46 
2.6271 2.6931 56.1590 1.1794 9.7586 1577930 2018/6/14 15:45:48 
2.6271 2.6979 51.2714 1.1796 9.3235 1579763 2018/6/14 15:45:50 
2.6271 2.6784 56.1590 1.1799 9.7568 1581595 2018/6/14 15:45:52 
2.6271 2.6686 61.0466 1.1798 10.1726 1583428 2018/6/14 15:45:53 
2.6271 2.6882 61.0466 1.1799 10.1725 1585264 2018/6/14 15:45:55 
2.6271 2.6931 61.0466 1.1800 10.1720 1587097 2018/6/14 15:45:57 
2.6271 2.6979 65.9342 1.1800 10.5711 1588930 2018/6/14 15:45:59 
2.6271 2.6784 75.7093 1.1801 11.3276 1590763 2018/6/14 15:46:1 
2.6271 2.6784 36.6087 1.1801 7.8768 1592596 2018/6/14 15:46:3 
2.6271 2.6735 51.2714 1.1803 9.3208 1594428 2018/6/14 15:46:4 
2.6271 2.6784 61.0466 1.1803 10.1705 1596261 2018/6/14 15:46:6 
2.6271 2.6882 56.1590 1.1804 9.7548 1598094 2018/6/14 15:46:8 
2.6271 2.6882 65.9342 1.1803 10.5700 1599930 2018/6/14 15:46:10 
2.6271 2.6979 56.1590 1.1801 9.7557 1601763 2018/6/14 15:46:12 
2.6271 2.6882 65.9342 1.1801 10.5707 1603596 2018/6/14 15:46:14 
2.6271 2.6931 61.0466 1.1802 10.1712 1605428 2018/6/14 15:46:15 
2.6271 2.6931 51.2714 1.1801 9.3215 1607261 2018/6/14 15:46:17 
2.6271 2.6833 75.7093 1.1801 11.3273 1609094 2018/6/14 15:46:19 
2.6271 2.7077 51.2714 1.1801 9.3216 1610927 2018/6/14 15:46:21 
2.6271 2.6784 70.8218 1.1801 10.9555 1612760 2018/6/14 15:46:23 
2.6271 2.6979 65.9342 1.1801 10.5711 1614596 2018/6/14 15:46:25 
2.6271 2.6882 56.1590 1.1801 9.7561 1616429 2018/6/14 15:46:26 
2.6271 2.6735 70.8218 1.1798 10.9569 1618262 2018/6/14 15:46:28 
2.6271 2.6882 41.4963 1.1799 8.3869 1620093 2018/6/14 15:46:30 
2.6271 2.6784 65.9342 1.1798 10.5721 1621926 2018/6/14 15:46:32 
2.6271 2.6882 56.1590 1.1796 9.7579 1623759 2018/6/14 15:46:34 
2.6271 2.6735 61.0466 1.1796 10.1736 1625592 2018/6/14 15:46:36 
2.6271 2.6979 61.0466 1.1794 10.1745 1627425 2018/6/14 15:46:37 
2.6271 2.6784 65.9342 1.1794 10.5738 1629261 2018/6/14 15:46:39 
2.6271 2.6833 61.0466 1.1792 10.1753 1631094 2018/6/14 15:46:41 
2.6271 2.6833 56.1590 1.1792 9.7595 1632927 2018/6/14 15:46:43 
2.6271 2.6931 51.2714 1.1790 9.3259 1634759 2018/6/14 15:46:45 
2.6271 2.7028 56.1590 1.1790 9.7605 1636592 2018/6/14 15:46:47 
2.6271 2.6833 56.1590 1.1790 9.7603 1638425 2018/6/14 15:46:48 
2.6271 2.6931 61.0466 1.1790 10.1763 1640258 2018/6/14 15:46:50 
2.6271 2.6833 56.1590 1.1788 9.7613 1642090 2018/6/14 15:46:52 
2.6271 2.6833 61.0466 1.1788 10.1771 1643934 2018/6/14 15:46:54 
2.6271 2.6882 51.2714 1.1786 9.3277 1645766 2018/6/14 15:46:56 
2.6271 2.6979 61.0466 1.1786 10.1780 1647599 2018/6/14 15:46:58 
2.6271 2.6833 56.1590 1.1785 9.7623 1649432 2018/6/14 15:46:59 
2.6271 2.6784 41.4963 1.1783 8.3924 1651265 2018/6/14 15:47:1 
2.6271 2.6931 61.0466 1.1784 10.1790 1653098 2018/6/14 15:47:3 
2.6271 2.6833 51.2714 1.1783 9.3287 1654931 2018/6/14 15:47:5 
2.6271 2.6833 65.9342 1.1784 10.5787 1656764 2018/6/14 15:47:7 
2.6271 2.7028 65.9342 1.1781 10.5796 1658600 2018/6/14 15:47:9 
2.6271 2.6882 51.2714 1.1784 9.3284 1660433 2018/6/14 15:47:10 
2.6271 2.6882 65.9342 1.1783 10.5788 1662265 2018/6/14 15:47:12 
2.6271 2.6833 51.2714 1.1784 9.3285 1664098 2018/6/14 15:47:14 
2.6271 2.6931 56.1590 1.1784 9.7629 1665931 2018/6/14 15:47:16 
2.6271 2.6979 61.0466 1.1784 10.1787 1667764 2018/6/14 15:47:18 
2.6271 2.6735 80.5969 1.1784 11.6956 1669597 2018/6/14 15:47:20 
2.6271 2.6784 51.2714 1.1784 9.3283 1671429 2018/6/14 15:47:21 
2.6271 2.6784 61.0466 1.1782 10.1797 1673266 2018/6/14 15:47:23 
2.6271 2.6833 65.9342 1.1784 10.5786 1675098 2018/6/14 15:47:25 
2.6271 2.6931 51.2714 1.1781 9.3294 1676931 2018/6/14 15:47:27 
2.6271 2.6833 65.9342 1.1782 10.5795 1678764 2018/6/14 15:47:29 
2.6271 2.6833 61.0466 1.1782 10.1799 1680596 2018/6/14 15:47:30 
2.6271 2.6784 61.0466 1.1781 10.1801 1682429 2018/6/14 15:47:32 
2.6271 2.6931 56.1590 1.1779 9.7650 1684262 2018/6/14 15:47:34 
2.6271 2.6931 65.9342 1.1779 10.5808 1686114 2018/6/14 15:47:36 
2.6271 2.6833 70.8218 1.1779 10.9660 1687951 2018/6/14 15:47:38 
2.6271 2.6784 56.1590 1.1779 9.7651 1689784 2018/6/14 15:47:40 
2.6271 2.7028 65.9342 1.1779 10.5809 1691617 2018/6/14 15:47:41 
2.6271 2.6784 56.1590 1.1776 9.7660 1693450 2018/6/14 15:47:43 
2.6271 2.6784 61.0466 1.1776 10.1821 1695283 2018/6/14 15:47:45 
2.6271 2.6882 65.9342 1.1777 10.5818 1697115 2018/6/14 15:47:47 
2.6271 2.7028 70.8218 1.1776 10.9671 1698948 2018/6/14 15:47:49 
2.6271 2.6833 65.9342 1.1774 10.5828 1700781 2018/6/14 15:47:51 
2.6271 2.6833 56.1590 1.1775 9.7667 1702617 2018/6/14 15:47:52 
2.6271 2.6833 61.0466 1.1772 10.1838 1704450 2018/6/14 15:47:54 
2.6271 2.6784 56.1590 1.1772 9.7678 1706283 2018/6/14 15:47:56 
2.6271 2.6784 56.1590 1.1772 9.7679 1708114 2018/6/14 15:47:58 
2.6271 2.6931 51.2714 1.1771 9.3334 1709947 2018/6/14 15:48:0 
2.6271 2.6931 56.1590 1.1772 9.7679 1711780 2018/6/14 15:48:2 
2.6271 2.6686 61.0466 1.1772 10.1842 1713613 2018/6/14 15:48:3 
2.6271 2.6686 70.8218 1.1772 10.9693 1715446 2018/6/14 15:48:5 
2.6271 2.6931 61.0466 1.1774 10.1833 1717282 2018/6/14 15:48:7 
2.6271 2.6784 61.0466 1.1774 10.1834 1719115 2018/6/14 15:48:9 
2.6271 2.6833 56.1590 1.1773 9.7672 1720947 2018/6/14 15:48:11 
2.6271 2.6833 65.9342 1.1774 10.5831 1722780 2018/6/14 15:48:13 
2.6271 2.6735 75.7093 1.1774 11.3406 1724613 2018/6/14 15:48:14 
2.6271 2.6931 56.1590 1.1776 9.7661 1726446 2018/6/14 15:48:16 
2.6271 2.6735 61.0466 1.1776 10.1822 1728279 2018/6/14 15:48:18 
2.6271 2.6882 56.1590 1.1777 9.7659 1730111 2018/6/14 15:48:20 
2.6271 2.6931 61.0466 1.1777 10.1820 1731948 2018/6/14 15:48:22 
2.6271 2.6882 65.9342 1.1775 10.5827 1733780 2018/6/14 15:48:24 
2.6271 2.6979 56.1590 1.1777 9.7657 1735613 2018/6/14 15:48:25 
2.6271 2.6882 61.0466 1.1775 10.1828 1737446 2018/6/14 15:48:27 
2.6271 2.6833 61.0466 1.1777 10.1817 1739279 2018/6/14 15:48:29 
2.6271 2.6784 56.1590 1.1778 9.7656 1741112 2018/6/14 15:48:31 
2.6271 2.6882 70.8218 1.1778 10.9664 1742945 2018/6/14 15:48:33 
2.6271 2.6735 51.2714 1.1777 9.3310 1744777 2018/6/14 15:48:35 
2.6271 2.6979 56.1590 1.1777 9.7656 1746613 2018/6/14 15:48:36 
2.6271 2.7028 61.0466 1.1777 10.1817 1748446 2018/6/14 15:48:38 
2.6271 2.6931 65.9342 1.1777 10.5815 1750279 2018/6/14 15:48:40 
2.6271 2.6979 56.1590 1.1777 9.7657 1752112 2018/6/14 15:48:42 
2.6271 2.6784 56.1590 1.1778 9.7655 1753945 2018/6/14 15:48:44 
2.6271 2.6882 61.0466 1.1777 10.1818 1755778 2018/6/14 15:48:46 
2.6271 2.6833 61.0466 1.1777 10.1818 1757609 2018/6/14 15:48:47 
2.6271 2.6833 65.9342 1.1777 10.5816 1759442 2018/6/14 15:48:49 
2.6271 2.6686 61.0466 1.1775 10.1828 1761278 2018/6/14 15:48:51 
2.6271 2.6979 51.2714 1.1774 9.3322 1763111 2018/6/14 15:48:53 
2.6271 2.6882 56.1590 1.1774 9.7670 1764944 2018/6/14 15:48:55 
2.6271 2.6882 51.2714 1.1774 9.3322 1766777 2018/6/14 15:48:57 
2.6271 2.6931 65.9342 1.1775 10.5828 1768610 2018/6/14 15:48:58 
2.6271 2.6931 61.0466 1.1775 10.1828 1770442 2018/6/14 15:49:0 
2.6271 2.6735 65.9342 1.1775 10.5824 1772275 2018/6/14 15:49:2 
2.6271 2.6833 70.8218 1.1775 10.9675 1774108 2018/6/14 15:49:4 
2.6271 2.6833 56.1590 1.1776 9.7663 1775944 2018/6/14 15:49:6 
2.6271 2.6882 61.0466 1.1776 10.1824 1777777 2018/6/14 15:49:8 
2.6271 2.6686 56.1590 1.1773 9.7672 1779610 2018/6/14 15:49:9 
2.6271 2.6833 65.9342 1.1776 10.5823 1781443 2018/6/14 15:49:11 
2.6271 2.6882 56.1590 1.1776 9.7663 1783275 2018/6/14 15:49:13 
2.6271 2.6735 70.8218 1.1773 10.9685 1785108 2018/6/14 15:49:15 
2.6271 2.7028 65.9342 1.1773 10.5835 1786941 2018/6/14 15:49:17 
2.6271 2.6833 80.5969 1.1773 11.7014 1788774 2018/6/14 15:49:19 
2.6271 2.6882 65.9342 1.1775 10.5827 1790610 2018/6/14 15:49:20 
2.6271 2.6882 56.1590 1.1779 9.7650 1792443 2018/6/14 15:49:22 
2.6271 2.6882 46.3839 1.1781 8.8736 1794276 2018/6/14 15:49:24 
2.6271 2.6833 56.1590 1.1782 9.7638 1796128 2018/6/14 15:49:26 
2.6271 2.6882 51.2714 1.1782 9.3293 1797962 2018/6/14 15:49:28 
2.6271 2.6833 51.2714 1.1784 9.3282 1799795 2018/6/14 15:49:30 
2.6271 2.6882 51.2714 1.1787 9.3273 1801628 2018/6/14 15:49:31 
2.6271 2.6882 41.4963 1.1785 8.3920 1803460 2018/6/14 15:49:33 
2.6271 2.6784 65.9342 1.1785 10.5779 1805297 2018/6/14 15:49:35 
2.6271 2.6784 56.1590 1.1782 9.7635 1807129 2018/6/14 15:49:37 
2.6271 2.6833 70.8218 1.1783 10.9641 1808962 2018/6/14 15:49:39 
2.6271 2.7028 65.9342 1.1783 10.5790 1810795 2018/6/14 15:49:40 
2.6271 2.7028 61.0466 1.1783 10.1793 1812628 2018/6/14 15:49:42 
2.6271 2.6686 65.9342 1.1781 10.5799 1814461 2018/6/14 15:49:44 
2.6271 2.6882 41.4963 1.1780 8.3934 1816293 2018/6/14 15:49:46 
2.6271 2.6735 65.9342 1.1780 10.5801 1818130 2018/6/14 15:49:48 
2.6271 2.6979 51.2714 1.1781 9.3296 1819962 2018/6/14 15:49:50 
2.6271 2.6833 46.3839 1.1781 8.8738 1821795 2018/6/14 15:49:51 
2.6271 2.6882 61.0466 1.1783 10.1791 1823628 2018/6/14 15:49:53 
2.6271 2.6882 65.9342 1.1784 10.5787 1825461 2018/6/14 15:49:55 
2.6271 2.7028 65.9342 1.1784 10.5787 1827294 2018/6/14 15:49:57 
2.6271 2.6931 61.0466 1.1784 10.1789 1829127 2018/6/14 15:49:59 
2.6271 2.6882 56.1590 1.1784 9.7631 1830959 2018/6/14 15:50:1 
2.6271 2.6931 65.9342 1.1781 10.5797 1832796 2018/6/14 15:50:2 
2.6271 2.6344 26.8333 1.1781 6.7494 1834628 2018/6/14 15:50:4 
2.6271 2.6295 7.2830 1.1781 3.5162 1836461 2018/6/14 15:50:6 
