2018/6/15 11:47:25 
2.6390 2.6393 0.3409 1.1491 0.7703 2018/6/15 11:47:27 
2.6390 2.6979 0.3409 1.1349 0.7751 2018/6/15 11:47:29 
2.6390 2.7273 112.7555 1.1537 13.9811 2018/6/15 11:47:30 
2.6390 2.7175 68.7673 1.1531 10.9212 2018/6/15 11:47:32 
2.6390 2.6931 68.7673 1.1539 10.9177 2018/6/15 11:47:34 
2.6390 2.7273 73.6549 1.1552 11.2924 2018/6/15 11:47:36 
2.6390 2.6979 88.3176 1.1553 12.3648 2018/6/15 11:47:38 
2.6390 2.7370 93.2052 1.1548 12.7052 2018/6/15 11:47:40 
2.6390 2.7077 83.4301 1.1542 12.0237 2018/6/15 11:47:41 
2.6390 2.7273 98.0928 1.1545 13.0358 2018/6/15 11:47:43 
2.6390 2.7028 107.8680 1.1550 13.6668 2018/6/15 11:47:45 
2.6390 2.7224 83.4301 1.1551 12.0191 2018/6/15 11:47:47 
2.6390 2.7126 93.2052 1.1548 12.7053 2018/6/15 11:47:49 
2.6390 2.6833 68.7673 1.1552 10.9114 2018/6/15 11:47:51 
2.6390 2.7028 78.5425 1.1547 11.6634 2018/6/15 11:47:52 
2.6390 2.7224 93.2052 1.1545 12.7067 2018/6/15 11:47:54 
2.6390 2.6882 73.6549 1.1543 11.2968 2018/6/15 11:47:56 
2.6390 2.7126 73.6549 1.1541 11.2977 2018/6/15 11:47:58 
2.6390 2.7322 49.2170 1.1538 9.2363 2018/6/15 11:48:0 
2.6390 2.6882 88.3176 1.1536 12.3740 2018/6/15 11:48:2 
2.6390 2.7224 73.6549 1.1531 11.3028 2018/6/15 11:48:3 
2.6390 2.7077 73.6549 1.1528 11.3042 2018/6/15 11:48:5 
2.6390 2.7126 88.3176 1.1527 12.3788 2018/6/15 11:48:7 
2.6390 2.7273 63.8797 1.1524 10.5292 2018/6/15 11:48:9 
2.6390 2.7175 63.8797 1.1524 10.5293 2018/6/15 11:48:11 
2.6390 2.7175 78.5425 1.1523 11.6756 2018/6/15 11:48:13 
2.6390 2.7322 102.9804 1.1512 13.3760 2018/6/15 11:48:14 
2.6390 2.6784 88.3176 1.1380 12.4585 2018/6/15 11:48:16 
2.6390 2.6931 88.3176 1.1454 12.4181 2018/6/15 11:48:18 
2.6390 2.6931 63.8797 1.1484 10.5474 2018/6/15 11:48:20 
2.6390 2.7175 112.7555 1.1524 13.9890 2018/6/15 11:48:22 
2.6390 2.7419 68.7673 1.1524 10.9246 2018/6/15 11:48:23 
2.6390 2.6882 88.3176 1.1529 12.3778 2018/6/15 11:48:25 
2.6390 2.7028 112.7555 1.1527 13.9869 2018/6/15 11:48:27 
2.6390 2.7126 83.4301 1.1528 12.0311 2018/6/15 11:48:29 
2.6390 2.7273 58.9921 1.1532 10.1150 2018/6/15 11:48:31 
2.6390 2.7273 54.1046 1.1533 9.6862 2018/6/15 11:48:33 
2.6390 2.7273 93.2052 1.1529 12.7158 2018/6/15 11:48:34 
2.6390 2.6979 68.7673 1.1529 10.9222 2018/6/15 11:48:36 
2.6390 2.7370 73.6549 1.1529 11.3036 2018/6/15 11:48:38 
2.6390 2.6979 44.3294 1.1529 8.7693 2018/6/15 11:48:40 
2.6390 2.7175 63.8797 1.1529 10.5270 2018/6/15 11:48:42 
2.6390 2.7468 63.8797 1.1527 10.5280 2018/6/15 11:48:44 
2.6390 2.7077 83.4301 1.1527 12.0315 2018/6/15 11:48:45 
2.6390 2.7028 88.3176 1.1527 12.3790 2018/6/15 11:48:47 
2.6390 2.6735 54.1046 1.1525 9.6898 2018/6/15 11:48:49 
2.6390 2.7028 44.3294 1.1525 8.7707 2018/6/15 11:48:51 
2.6390 2.7517 98.0928 1.1523 13.0480 2018/6/15 11:48:53 
2.6390 2.6784 98.0928 1.1517 13.0515 2018/6/15 11:48:55 
2.6390 2.7077 98.0928 1.1511 13.0551 2018/6/15 11:48:56 
2.6390 2.7126 68.7673 1.1515 10.9289 2018/6/15 11:48:58 
2.6390 2.7322 93.2052 1.1513 12.7245 2018/6/15 11:49:0 
2.6390 2.7370 58.9921 1.1513 10.1233 2018/6/15 11:49:2 
2.6390 2.7126 49.2170 1.1511 9.2474 2018/6/15 11:49:4 
2.6390 2.6784 88.3176 1.1509 12.3886 2018/6/15 11:49:6 
2.6390 2.7077 44.3294 1.1511 8.7762 2018/6/15 11:49:7 
2.6390 2.7273 54.1046 1.1513 9.6947 2018/6/15 11:49:9 
2.6390 2.7028 68.7673 1.1515 10.9288 2018/6/15 11:49:11 
2.6390 2.7273 68.7673 1.1513 10.9300 2018/6/15 11:49:13 
2.6390 2.6979 58.9921 1.1509 10.1251 2018/6/15 11:49:15 
2.6390 2.6784 58.9921 1.1512 10.1236 2018/6/15 11:49:17 
2.6390 2.7419 58.9921 1.1511 10.1240 2018/6/15 11:49:18 
2.6390 2.7419 98.0928 1.1512 13.0545 2018/6/15 11:49:20 
2.6390 2.7224 98.0928 1.1512 13.0546 2018/6/15 11:49:22 
2.6390 2.7419 98.0928 1.1516 13.0521 2018/6/15 11:49:24 
2.6390 2.7273 83.4301 1.1516 12.0372 2018/6/15 11:49:26 
2.6390 2.6833 73.6549 1.1512 11.3122 2018/6/15 11:49:28 
2.6390 2.6979 49.2170 1.1508 9.2487 2018/6/15 11:49:29 
2.6390 2.7126 73.6549 1.1504 11.3158 2018/6/15 11:49:31 
2.6390 2.7077 58.9921 1.1489 10.1339 2018/6/15 11:49:33 
2.6390 2.7468 49.2170 1.1501 9.2512 2018/6/15 11:49:35 
2.6390 2.7028 78.5425 1.1407 11.7351 2018/6/15 11:49:37 
2.6390 2.6979 78.5425 1.1377 11.7507 2018/6/15 11:49:39 
2.6390 2.6931 98.0928 1.1358 13.1426 2018/6/15 11:49:40 
2.6390 2.6931 49.2170 1.1343 9.3155 2018/6/15 11:49:42 
2.6390 2.7126 107.8680 1.1381 13.7678 2018/6/15 11:49:44 
2.6390 2.6931 24.7791 1.1356 6.6060 2018/6/15 11:49:46 
2.6390 2.7028 39.4418 1.1462 8.2959 2018/6/15 11:49:48 
2.6390 2.7126 63.8797 1.1460 10.5583 2018/6/15 11:49:50 
2.6390 2.7224 63.8797 1.1103 10.7270 2018/6/15 11:49:51 
2.6390 2.7224 58.9921 1.1142 10.2906 2018/6/15 11:49:53 
2.6390 2.7028 44.3294 1.0845 9.0417 2018/6/15 11:49:55 
2.6390 2.6833 49.2170 1.1079 9.4261 2018/6/15 11:49:57 
2.6390 2.7322 24.7791 1.0713 6.8015 2018/6/15 11:49:59 
2.6390 2.6931 68.7673 1.0790 11.2902 2018/6/15 11:50:1 
2.6390 2.7175 78.5425 1.0423 12.2767 2018/6/15 11:50:2 
2.6390 2.6931 49.2170 1.0129 9.8580 2018/6/15 11:50:4 
2.6390 2.7224 58.9921 1.0155 10.7790 2018/6/15 11:50:6 
2.6390 2.7273 58.9921 1.0764 10.4696 2018/6/15 11:50:8 
2.6390 2.7224 73.6549 1.0854 11.6499 2018/6/15 11:50:10 
2.6390 2.7028 78.5425 1.0649 12.1454 2018/6/15 11:50:11 
2.6390 2.6637 78.5425 1.0321 12.3368 2018/6/15 11:50:13 
2.6390 2.7077 49.2170 1.0409 9.7243 2018/6/15 11:50:15 
2.6390 2.7077 68.7673 1.0688 11.3435 2018/6/15 11:50:17 
2.6390 2.7077 34.5542 1.1003 7.9251 2018/6/15 11:50:19 
2.6390 2.7273 49.2170 1.0514 9.6759 2018/6/15 11:50:21 
2.6390 2.7175 58.9921 1.0096 10.8101 2018/6/15 11:50:22 
2.6390 2.7126 73.6549 1.0209 12.0125 2018/6/15 11:50:24 
2.6390 2.7077 83.4301 1.0517 12.5957 2018/6/15 11:50:26 
2.6390 2.7517 63.8797 1.1373 10.5987 2018/6/15 11:50:28 
2.6390 2.7077 58.9921 1.0555 10.5725 2018/6/15 11:50:30 
2.6390 2.7077 44.3294 1.0564 9.1610 2018/6/15 11:50:32 
2.6390 2.7077 63.8797 1.0501 11.0302 2018/6/15 11:50:33 
2.6390 2.7077 68.7673 1.1198 11.0824 2018/6/15 11:50:35 
2.6390 2.6931 54.1046 1.1369 9.7558 2018/6/15 11:50:37 
2.6390 2.6931 63.8797 1.1272 10.6464 2018/6/15 11:50:39 
2.6390 2.7028 58.9921 1.1365 10.1891 2018/6/15 11:50:41 
2.6390 2.6979 58.9921 1.1372 10.1858 2018/6/15 11:50:43 
2.6390 2.6979 63.8797 1.1372 10.5994 2018/6/15 11:50:44 
2.6390 2.7028 73.6549 1.1376 11.3794 2018/6/15 11:50:46 
2.6390 2.6931 78.5425 1.1354 11.7621 2018/6/15 11:50:48 
2.6390 2.7028 63.8797 1.1375 10.5977 2018/6/15 11:50:50 
2.6390 2.6979 54.1046 1.1376 9.7529 2018/6/15 11:50:52 
2.6390 2.6882 68.7673 1.1376 10.9954 2018/6/15 11:50:54 
2.6390 2.7028 63.8797 1.1377 10.5970 2018/6/15 11:50:55 
2.6390 2.6931 63.8797 1.1382 10.5945 2018/6/15 11:50:57 
2.6390 2.6931 73.6549 1.1385 11.3748 2018/6/15 11:50:59 
2.6390 2.6882 68.7673 1.1389 10.9891 2018/6/15 11:51:1 
2.6390 2.7028 68.7673 1.1399 10.9843 2018/6/15 11:51:3 
2.6390 2.6931 58.9921 1.1408 10.1699 2018/6/15 11:51:5 
2.6390 2.6882 68.7673 1.1414 10.9772 2018/6/15 11:51:6 
2.6390 2.7028 54.1046 1.1418 9.7351 2018/6/15 11:51:8 
2.6390 2.6979 54.1046 1.1422 9.7332 2018/6/15 11:51:10 
2.6390 2.7175 78.5425 1.1434 11.7213 2018/6/15 11:51:12 
2.6390 2.7028 49.2170 1.1442 9.2752 2018/6/15 11:51:14 
2.6390 2.6979 68.7673 1.1451 10.9595 2018/6/15 11:51:16 
2.6390 2.6979 68.7673 1.1460 10.9551 2018/6/15 11:51:17 
2.6390 2.7126 58.9921 1.1468 10.1431 2018/6/15 11:51:19 
2.6390 2.6979 83.4301 1.1472 12.0600 2018/6/15 11:51:21 
2.6390 2.6931 63.8797 1.1487 10.5459 2018/6/15 11:51:23 
2.6390 2.7077 58.9921 1.1501 10.1285 2018/6/15 11:51:25 
2.6390 2.7028 49.2170 1.1510 9.2477 2018/6/15 11:51:27 
2.6390 2.7028 58.9921 1.1515 10.1224 2018/6/15 11:51:28 
2.6390 2.6979 63.8797 1.1520 10.5312 2018/6/15 11:51:30 
2.6390 2.6979 49.2170 1.1526 9.2414 2018/6/15 11:51:32 
2.6390 2.7028 73.6549 1.1530 11.3032 2018/6/15 11:51:34 
2.6390 2.6882 58.9921 1.1542 10.1104 2018/6/15 11:51:36 
2.6390 2.7028 44.3294 1.1553 8.7604 2018/6/15 11:51:38 
2.6390 2.6979 68.7673 1.1555 10.9097 2018/6/15 11:51:39 
2.6390 2.6979 54.1046 1.1556 9.6766 2018/6/15 11:51:41 
2.6390 2.6882 54.1046 1.1557 9.6763 2018/6/15 11:51:43 
2.6390 2.7126 68.7673 1.1564 10.9056 2018/6/15 11:51:45 
2.6390 2.7028 58.9921 1.1564 10.1009 2018/6/15 11:51:47 
2.6390 2.7028 63.8797 1.1564 10.5112 2018/6/15 11:51:49 
2.6390 2.7077 63.8797 1.1566 10.5099 2018/6/15 11:51:50 
2.6390 2.6931 54.1046 1.1569 9.6712 2018/6/15 11:51:52 
2.6390 2.6979 73.6549 1.1571 11.2833 2018/6/15 11:51:54 
2.6390 2.7028 63.8797 1.1578 10.5048 2018/6/15 11:51:56 
2.6390 2.7077 78.5425 1.1580 11.6471 2018/6/15 11:51:58 
2.6390 2.7126 58.9921 1.1578 10.0947 2018/6/15 11:52:0 
2.6390 2.6931 54.1046 1.1580 9.6668 2018/6/15 11:52:1 
2.6390 2.6931 44.3294 1.1584 8.7486 2018/6/15 11:52:3 
2.6390 2.7028 63.8797 1.1584 10.5017 2018/6/15 11:52:5 
2.6390 2.6979 63.8797 1.1587 10.5006 2018/6/15 11:52:7 
2.6390 2.7175 58.9921 1.1590 10.0897 2018/6/15 11:52:9 
2.6390 2.7028 63.8797 1.1592 10.4983 2018/6/15 11:52:10 
2.6390 2.6833 73.6549 1.1594 11.2718 2018/6/15 11:52:12 
2.6390 2.7028 63.8797 1.1592 10.4982 2018/6/15 11:52:14 
2.6390 2.7175 68.7673 1.1590 10.8932 2018/6/15 11:52:16 
2.6390 2.6931 49.2170 1.1592 9.2149 2018/6/15 11:52:18 
2.6390 2.7028 58.9921 1.1597 10.0867 2018/6/15 11:52:20 
2.6390 2.6882 68.7673 1.1602 10.8878 2018/6/15 11:52:21 
2.6390 2.6931 58.9921 1.1600 10.0853 2018/6/15 11:52:23 
2.6390 2.7028 58.9921 1.1605 10.0828 2018/6/15 11:52:25 
2.6390 2.6979 63.8797 1.1613 10.4886 2018/6/15 11:52:27 
2.6390 2.6979 58.9921 1.1616 10.0783 2018/6/15 11:52:29 
2.6390 2.6931 63.8797 1.1619 10.4863 2018/6/15 11:52:31 
2.6390 2.7126 78.5425 1.1621 11.6265 2018/6/15 11:52:32 
2.6390 2.6833 63.8797 1.1630 10.4811 2018/6/15 11:52:34 
2.6390 2.7077 58.9921 1.1636 10.0697 2018/6/15 11:52:36 
2.6390 2.6833 49.2170 1.1638 9.1967 2018/6/15 11:52:38 
2.6390 2.6882 54.1046 1.1644 9.6401 2018/6/15 11:52:40 
2.6390 2.7028 54.1046 1.1648 9.6386 2018/6/15 11:52:42 
2.6390 2.6931 73.6549 1.1650 11.2447 2018/6/15 11:52:43 
2.6390 2.6882 73.6549 1.1651 11.2445 2018/6/15 11:52:45 
2.6390 2.6931 63.8797 1.1652 10.4711 2018/6/15 11:52:47 
2.6390 2.6931 58.9921 1.1650 10.0634 2018/6/15 11:52:49 
2.6390 2.6979 49.2170 1.1652 9.1913 2018/6/15 11:52:51 
2.6390 2.7028 49.2170 1.1650 9.1919 2018/6/15 11:52:53 
2.6390 2.6931 63.8797 1.1647 10.4735 2018/6/15 11:52:54 
2.6390 2.7126 44.3294 1.1649 8.7239 2018/6/15 11:52:56 
2.6390 2.7077 54.1046 1.1644 9.6399 2018/6/15 11:52:58 
2.6390 2.6735 63.8797 1.1643 10.4754 2018/6/15 11:53:0 
2.6390 2.6882 49.2170 1.1641 9.1957 2018/6/15 11:53:2 
2.6390 2.6931 58.9921 1.1639 10.0683 2018/6/15 11:53:4 
2.6390 2.7077 58.9921 1.1638 10.0686 2018/6/15 11:53:5 
2.6390 2.6979 78.5425 1.1636 11.6188 2018/6/15 11:53:7 
2.6390 2.7028 54.1046 1.1634 9.6442 2018/6/15 11:53:9 
2.6390 2.6882 54.1046 1.1634 9.6444 2018/6/15 11:53:11 
2.6390 2.6833 49.2170 1.1633 9.1986 2018/6/15 11:53:13 
2.6390 2.7028 54.1046 1.1631 9.6454 2018/6/15 11:53:15 
2.6390 2.6979 68.7673 1.1628 10.8754 2018/6/15 11:53:16 
2.6390 2.6833 63.8797 1.1626 10.4829 2018/6/15 11:53:18 
2.6390 2.6588 54.1046 1.1623 9.6487 2018/6/15 11:53:20 
2.6390 2.7028 68.7673 1.1621 10.8791 2018/6/15 11:53:22 
2.6390 2.6979 54.1046 1.1618 9.6507 2018/6/15 11:53:24 
2.6390 2.6979 54.1046 1.1614 9.6526 2018/6/15 11:53:26 
2.6390 2.6931 39.4418 1.1611 8.2424 2018/6/15 11:53:27 
2.6390 2.6931 58.9921 1.1608 10.0815 2018/6/15 11:53:29 
2.6390 2.6931 54.1046 1.1608 9.6549 2018/6/15 11:53:31 
2.6390 2.6979 54.1046 1.1606 9.6557 2018/6/15 11:53:33 
2.6390 2.6979 44.3294 1.1602 8.7415 2018/6/15 11:53:35 
2.6390 2.6979 58.9921 1.1604 10.0833 2018/6/15 11:53:37 
2.6390 2.6833 54.1046 1.1602 9.6576 2018/6/15 11:53:38 
2.6390 2.6931 34.5542 1.1600 7.7187 2018/6/15 11:53:40 
2.6390 2.6979 58.9921 1.1599 10.0854 2018/6/15 11:53:42 
2.6390 2.6882 49.2170 1.1602 9.2111 2018/6/15 11:53:44 
2.6390 2.7077 54.1046 1.1602 9.6577 2018/6/15 11:53:46 
2.6390 2.7126 54.1046 1.1602 9.6575 2018/6/15 11:53:47 
2.6390 2.6882 58.9921 1.1602 10.0843 2018/6/15 11:53:49 
2.6390 2.6833 58.9921 1.1604 10.0833 2018/6/15 11:53:51 
2.6390 2.6931 58.9921 1.1604 10.0834 2018/6/15 11:53:53 
2.6390 2.7028 54.1046 1.1602 9.6576 2018/6/15 11:53:55 
2.6390 2.7028 49.2170 1.1602 9.2111 2018/6/15 11:53:57 
2.6390 2.6931 58.9921 1.1602 10.0845 2018/6/15 11:53:58 
2.6390 2.6931 44.3294 1.1604 8.7411 2018/6/15 11:54:0 
2.6390 2.6784 49.2170 1.1608 9.2086 2018/6/15 11:54:2 
2.6390 2.6882 54.1046 1.1610 9.6541 2018/6/15 11:54:4 
2.6390 2.6833 68.7673 1.1615 10.8819 2018/6/15 11:54:6 
2.6390 2.6784 44.3294 1.1621 8.7345 2018/6/15 11:54:8 
2.6390 2.6882 44.3294 1.1632 8.7305 2018/6/15 11:54:9 
2.6390 2.6931 58.9921 1.1639 10.0684 2018/6/15 11:54:11 
2.6390 2.7028 73.6549 1.1639 11.2501 2018/6/15 11:54:13 
2.6390 2.6882 49.2170 1.1645 9.1939 2018/6/15 11:54:15 
2.6390 2.6931 44.3294 1.1644 8.7260 2018/6/15 11:54:17 
2.6390 2.6833 58.9921 1.1647 10.0647 2018/6/15 11:54:19 
2.6390 2.6979 49.2170 1.1651 9.1914 2018/6/15 11:54:20 
2.6390 2.6979 44.3294 1.1656 8.7212 2018/6/15 11:54:22 
2.6390 2.6931 58.9921 1.1660 10.0590 2018/6/15 11:54:24 
2.6390 2.6979 44.3294 1.1667 8.7174 2018/6/15 11:54:26 
2.6390 2.7077 34.5542 1.1672 7.6946 2018/6/15 11:54:28 
2.6390 2.7028 49.2170 1.1673 9.1829 2018/6/15 11:54:30 
2.6390 2.7028 54.1046 1.1673 9.6280 2018/6/15 11:54:31 
2.6390 2.6882 44.3294 1.1674 8.7148 2018/6/15 11:54:33 
2.6390 2.6931 54.1046 1.1674 9.6277 2018/6/15 11:54:35 
2.6390 2.6882 44.3294 1.1676 8.7138 2018/6/15 11:54:37 
2.6390 2.6979 39.4418 1.1680 8.2180 2018/6/15 11:54:39 
2.6390 2.6931 39.4418 1.1683 8.2170 2018/6/15 11:54:41 
2.6390 2.7028 58.9921 1.1681 10.0501 2018/6/15 11:54:42 
2.6390 2.6833 54.1046 1.1682 9.6242 2018/6/15 11:54:44 
2.6390 2.7028 44.3294 1.1683 8.7115 2018/6/15 11:54:46 
2.6390 2.6979 44.3294 1.1683 8.7114 2018/6/15 11:54:48 
2.6390 2.6931 54.1046 1.1682 9.6243 2018/6/15 11:54:50 
2.6390 2.7028 49.2170 1.1683 9.1790 2018/6/15 11:54:52 
2.6390 2.7077 54.1046 1.1684 9.6236 2018/6/15 11:54:53 
2.6390 2.6882 58.9921 1.1689 10.0468 2018/6/15 11:54:55 
2.6390 2.6784 34.5542 1.1689 7.6892 2018/6/15 11:54:57 
2.6390 2.6833 54.1046 1.1688 9.6219 2018/6/15 11:54:59 
2.6390 2.6833 44.3294 1.1687 8.7100 2018/6/15 11:55:1 
2.6390 2.6931 54.1046 1.1688 9.6221 2018/6/15 11:55:3 
2.6390 2.7077 49.2170 1.1694 9.1746 2018/6/15 11:55:4 
2.6390 2.6931 58.9921 1.1701 10.0415 2018/6/15 11:55:6 
2.6390 2.7077 54.1046 1.1703 9.6156 2018/6/15 11:55:8 
2.6390 2.6833 58.9921 1.1705 10.0398 2018/6/15 11:55:10 
2.6390 2.6882 54.1046 1.1701 9.6167 2018/6/15 11:55:12 
2.6390 2.6931 49.2170 1.1697 9.1733 2018/6/15 11:55:14 
2.6390 2.6979 73.6549 1.1696 11.2228 2018/6/15 11:55:15 
2.6390 2.6931 49.2170 1.1694 9.1749 2018/6/15 11:55:17 
2.6390 2.6882 58.9921 1.1694 10.0445 2018/6/15 11:55:19 
2.6390 2.6882 58.9921 1.1694 10.0443 2018/6/15 11:55:21 
2.6390 2.6784 63.8797 1.1697 10.4511 2018/6/15 11:55:23 
2.6390 2.6882 54.1046 1.1703 9.6158 2018/6/15 11:55:25 
2.6390 2.6979 58.9921 1.1709 10.0382 2018/6/15 11:55:26 
2.6390 2.6882 44.3294 1.1707 8.7023 2018/6/15 11:55:28 
2.6390 2.6833 49.2170 1.1711 9.1682 2018/6/15 11:55:30 
2.6390 2.6979 54.1046 1.1701 9.6168 2018/6/15 11:55:32 
2.6390 2.6931 54.1046 1.1698 9.6179 2018/6/15 11:55:34 
2.6390 2.6979 39.4418 1.1692 8.2140 2018/6/15 11:55:35 
2.6390 2.6784 63.8797 1.1689 10.4545 2018/6/15 11:55:37 
2.6390 2.6931 58.9921 1.1689 10.0466 2018/6/15 11:55:39 
2.6390 2.6979 68.7673 1.1690 10.8469 2018/6/15 11:55:41 
2.6390 2.6686 58.9921 1.1688 10.0469 2018/6/15 11:55:43 
2.6390 2.6784 29.6667 1.1692 7.1236 2018/6/15 11:55:45 
2.6390 2.6979 73.6549 1.1689 11.2261 2018/6/15 11:55:46 
2.6390 2.6931 54.1046 1.1684 9.6234 2018/6/15 11:55:48 
2.6390 2.6979 39.4418 1.1685 8.2165 2018/6/15 11:55:50 
2.6390 2.6735 63.8797 1.1685 10.4566 2018/6/15 11:55:52 
2.6390 2.6784 54.1046 1.1687 9.6224 2018/6/15 11:55:54 
2.6390 2.6882 49.2170 1.1687 9.1774 2018/6/15 11:55:56 
2.6390 2.6979 68.7673 1.1686 10.8488 2018/6/15 11:55:57 
2.6390 2.6882 54.1046 1.1681 9.6248 2018/6/15 11:55:59 
2.6390 2.6979 49.2170 1.1677 9.1815 2018/6/15 11:56:1 
2.6390 2.6979 54.1046 1.1673 9.6280 2018/6/15 11:56:3 
2.6390 2.7028 49.2170 1.1668 9.1847 2018/6/15 11:56:5 
2.6390 2.6931 54.1046 1.1662 9.6328 2018/6/15 11:56:7 
2.6390 2.6882 54.1046 1.1653 9.6362 2018/6/15 11:56:8 
2.6390 2.6979 44.3294 1.1649 8.7239 2018/6/15 11:56:10 
2.6390 2.6979 63.8797 1.1647 10.4733 2018/6/15 11:56:12 
2.6390 2.6784 49.2170 1.1642 9.1950 2018/6/15 11:56:14 
2.6390 2.6931 63.8797 1.1641 10.4763 2018/6/15 11:56:16 
2.6390 2.6784 49.2170 1.1638 9.1967 2018/6/15 11:56:18 
2.6390 2.6882 49.2170 1.1632 9.1992 2018/6/15 11:56:19 
2.6390 2.6833 63.8797 1.1626 10.4827 2018/6/15 11:56:21 
2.6390 2.6833 44.3294 1.1618 8.7356 2018/6/15 11:56:23 
2.6390 2.6882 49.2170 1.1614 9.2063 2018/6/15 11:56:25 
2.6390 2.6979 54.1046 1.1606 9.6558 2018/6/15 11:56:27 
2.6390 2.6833 39.4418 1.1604 8.2449 2018/6/15 11:56:29 
2.6390 2.7028 68.7673 1.1599 10.8890 2018/6/15 11:56:30 
2.6390 2.6833 54.1046 1.1590 9.6625 2018/6/15 11:56:32 
2.6390 2.6931 39.4418 1.1570 8.2569 2018/6/15 11:56:34 
2.6390 2.6784 63.8797 1.1412 10.5809 2018/6/15 11:56:36 
2.6390 2.6735 49.2170 1.1299 9.3338 2018/6/15 11:56:38 
2.6390 2.6882 54.1046 1.1114 9.8673 2018/6/15 11:56:40 
2.6390 2.6686 54.1046 1.1120 9.8646 2018/6/15 11:56:41 
2.6390 2.6979 49.2170 1.0902 9.5021 2018/6/15 11:56:43 
2.6390 2.6931 54.1046 1.0721 10.0466 2018/6/15 11:56:45 
2.6390 2.6784 58.9921 1.0906 10.4012 2018/6/15 11:56:47 
2.6390 2.6735 63.8797 1.1223 10.6694 2018/6/15 11:56:49 
2.6390 2.7028 58.9921 1.1346 10.1975 2018/6/15 11:56:51 
2.6390 2.6931 54.1046 1.1438 9.7264 2018/6/15 11:56:52 
2.6390 2.6833 44.3294 1.1350 8.8384 2018/6/15 11:56:54 
2.6390 2.6979 39.4418 1.1429 8.3080 2018/6/15 11:56:56 
2.6390 2.7028 58.9921 1.1443 10.1539 2018/6/15 11:56:58 
2.6390 2.6931 58.9921 1.1252 10.2402 2018/6/15 11:57:0 
2.6390 2.6784 63.8797 1.0792 10.8803 2018/6/15 11:57:2 
2.6390 2.6784 39.4418 1.0569 8.6392 2018/6/15 11:57:3 
2.6390 2.6833 54.1046 1.0782 10.0180 2018/6/15 11:57:5 
2.6390 2.6931 44.3294 1.1089 8.9418 2018/6/15 11:57:7 
2.6390 2.6882 58.9921 1.1406 10.1705 2018/6/15 11:57:9 
2.6390 2.6833 63.8797 1.1413 10.5802 2018/6/15 11:57:11 
2.6390 2.6784 49.2170 1.1411 9.2878 2018/6/15 11:57:13 
2.6390 2.7028 68.7673 1.1450 10.9600 2018/6/15 11:57:14 
2.6390 2.6979 54.1046 1.1459 9.7176 2018/6/15 11:57:16 
2.6390 2.6931 63.8797 1.1418 10.5779 2018/6/15 11:57:18 
2.6390 2.7028 54.1046 1.1429 9.7303 2018/6/15 11:57:20 
2.6390 2.7028 58.9921 1.1408 10.1695 2018/6/15 11:57:22 
2.6390 2.7077 44.3294 1.1184 8.9035 2018/6/15 11:57:24 
2.6390 2.7077 54.1046 1.1173 9.8413 2018/6/15 11:57:25 
2.6390 2.6979 58.9921 1.1230 10.2499 2018/6/15 11:57:27 
2.6390 2.6882 44.3294 1.0830 9.0478 2018/6/15 11:57:29 
2.6390 2.7028 54.1046 1.1084 9.8807 2018/6/15 11:57:31 
2.6390 2.6931 54.1046 1.1374 9.7538 2018/6/15 11:57:33 
2.6390 2.6931 39.4418 1.1358 8.3336 2018/6/15 11:57:35 
2.6390 2.6833 63.8797 1.1223 10.6695 2018/6/15 11:57:36 
2.6390 2.6833 63.8797 1.1097 10.7299 2018/6/15 11:57:38 
2.6390 2.6931 58.9921 1.1368 10.1874 2018/6/15 11:57:40 
2.6390 2.7126 58.9921 1.1389 10.1780 2018/6/15 11:57:42 
2.6390 2.6931 29.6667 1.1394 7.2163 2018/6/15 11:57:44 
2.6390 2.6882 49.2170 1.1394 9.2948 2018/6/15 11:57:45 
2.6390 2.6882 44.3294 1.1392 8.8218 2018/6/15 11:57:47 
2.6390 2.6979 49.2170 1.1362 9.3079 2018/6/15 11:57:49 
2.6390 2.6979 58.9921 1.1357 10.1925 2018/6/15 11:57:51 
2.6390 2.7028 49.2170 1.1383 9.2994 2018/6/15 11:57:53 
2.6390 2.6882 44.3294 1.1383 8.8252 2018/6/15 11:57:55 
2.6390 2.6882 44.3294 1.1384 8.8250 2018/6/15 11:57:56 
2.6390 2.6979 54.1046 1.1384 9.7496 2018/6/15 11:57:58 
2.6390 2.7077 44.3294 1.1383 8.8252 2018/6/15 11:58:0 
2.6390 2.6979 34.5542 1.1382 7.7923 2018/6/15 11:58:2 
2.6390 2.6882 44.3294 1.1386 8.8243 2018/6/15 11:58:4 
2.6390 2.6882 63.8797 1.1384 10.5938 2018/6/15 11:58:6 
2.6390 2.6931 58.9921 1.1384 10.1805 2018/6/15 11:58:7 
2.6390 2.6931 49.2170 1.1378 9.3012 2018/6/15 11:58:9 
2.6390 2.6931 49.2170 1.1376 9.3022 2018/6/15 11:58:11 
2.6390 2.6979 63.8797 1.1376 10.5973 2018/6/15 11:58:13 
2.6390 2.6833 54.1046 1.1373 9.7541 2018/6/15 11:58:15 
2.6390 2.6882 49.2170 1.1370 9.3044 2018/6/15 11:58:17 
2.6390 2.7028 58.9921 1.1367 10.1881 2018/6/15 11:58:18 
2.6390 2.6833 63.8797 1.1365 10.6025 2018/6/15 11:58:20 
2.6390 2.6882 54.1046 1.1363 9.7587 2018/6/15 11:58:22 
2.6390 2.7028 44.3294 1.1354 8.8366 2018/6/15 11:58:24 
2.6390 2.6931 68.7673 1.1352 11.0071 2018/6/15 11:58:26 
2.6390 2.6979 58.9921 1.1304 10.2164 2018/6/15 11:58:28 
2.6390 2.6882 54.1046 1.1337 9.7696 2018/6/15 11:58:29 
2.6390 2.6833 49.2170 1.1345 9.3145 2018/6/15 11:58:31 
2.6390 2.6931 58.9921 1.1349 10.1962 2018/6/15 11:58:33 
2.6390 2.6784 54.1046 1.1351 9.7638 2018/6/15 11:58:35 
2.6390 2.6979 54.1046 1.1340 9.7685 2018/6/15 11:58:37 
2.6390 2.6931 73.6549 1.1342 11.3964 2018/6/15 11:58:39 
2.6390 2.6979 54.1046 1.1270 9.7988 2018/6/15 11:58:40 
2.6390 2.6882 58.9921 1.1204 10.2620 2018/6/15 11:58:42 
2.6390 2.6931 78.5425 1.1248 11.8176 2018/6/15 11:58:44 
2.6390 2.6882 58.9921 1.1323 10.2079 2018/6/15 11:58:46 
2.6390 2.6882 58.9921 1.1347 10.1970 2018/6/15 11:58:48 
2.6390 2.6882 54.1046 1.1348 9.7650 2018/6/15 11:58:50 
2.6390 2.6931 63.8797 1.1346 10.6113 2018/6/15 11:58:51 
2.6390 2.6833 58.9921 1.1347 10.1968 2018/6/15 11:58:53 
2.6390 2.7028 39.4418 1.1347 8.3377 2018/6/15 11:58:55 
2.6390 2.7028 54.1046 1.1350 9.7641 2018/6/15 11:58:57 
2.6390 2.6979 63.8797 1.1352 10.6087 2018/6/15 11:58:59 
2.6390 2.6882 58.9921 1.1354 10.1939 2018/6/15 11:59:1 
2.6390 2.7077 54.1046 1.1356 9.7617 2018/6/15 11:59:2 
2.6390 2.6833 49.2170 1.1366 9.3059 2018/6/15 11:59:4 
2.6390 2.7077 58.9921 1.1374 10.1848 2018/6/15 11:59:6 
2.6390 2.7028 63.8797 1.1374 10.5982 2018/6/15 11:59:8 
2.6390 2.6931 54.1046 1.1376 9.7528 2018/6/15 11:59:10 
2.6390 2.7028 54.1046 1.1377 9.7524 2018/6/15 11:59:12 
2.6390 2.7077 54.1046 1.1382 9.7505 2018/6/15 11:59:13 
2.6390 2.7028 39.4418 1.1380 8.3258 2018/6/15 11:59:15 
2.6390 2.6979 39.4418 1.1382 8.3251 2018/6/15 11:59:17 
2.6390 2.6979 58.9921 1.1386 10.1795 2018/6/15 11:59:19 
2.6390 2.7077 68.7673 1.1392 10.9879 2018/6/15 11:59:21 
2.6390 2.7077 54.1046 1.1396 9.7444 2018/6/15 11:59:23 
2.6390 2.6931 63.8797 1.1399 10.5867 2018/6/15 11:59:24 
2.6390 2.6979 58.9921 1.1400 10.1733 2018/6/15 11:59:26 
2.6390 2.6931 39.4418 1.1405 8.3167 2018/6/15 11:59:28 
2.6390 2.7028 73.6549 1.1411 11.3619 2018/6/15 11:59:30 
2.6390 2.7028 68.7673 1.1413 10.9774 2018/6/15 11:59:32 
2.6390 2.6931 49.2170 1.1414 9.2866 2018/6/15 11:59:33 
2.6390 2.7028 63.8797 1.1419 10.5777 2018/6/15 11:59:35 
2.6390 2.6931 54.1046 1.1416 9.7357 2018/6/15 11:59:37 
2.6390 2.7077 58.9921 1.1423 10.1629 2018/6/15 11:59:39 
2.6390 2.6979 49.2170 1.1426 9.2818 2018/6/15 11:59:41 
2.6390 2.7126 63.8797 1.1427 10.5737 2018/6/15 11:59:43 
2.6390 2.6931 68.7673 1.1431 10.9691 2018/6/15 11:59:44 
2.6390 2.6686 58.9921 1.1440 10.1555 2018/6/15 11:59:46 
2.6390 2.6979 63.8797 1.1442 10.5669 2018/6/15 11:59:48 
2.6390 2.7077 54.1046 1.1449 9.7220 2018/6/15 11:59:50 
2.6390 2.6979 58.9921 1.1452 10.1502 2018/6/15 11:59:52 
2.6390 2.6833 58.9921 1.1456 10.1481 2018/6/15 11:59:54 
2.6390 2.6931 54.1046 1.1457 9.7186 2018/6/15 11:59:55 
2.6390 2.7077 54.1046 1.1461 9.7166 2018/6/15 11:59:57 
2.6390 2.6979 54.1046 1.1466 9.7145 2018/6/15 11:59:59 
2.6390 2.6882 73.6549 1.1474 11.3309 2018/6/15 12:0:1 
2.6390 2.6979 58.9921 1.1472 10.1411 2018/6/15 12:0:3 
2.6390 2.6931 54.1046 1.1472 9.7119 2018/6/15 12:0:5 
2.6390 2.7126 54.1046 1.1473 9.7118 2018/6/15 12:0:6 
2.6390 2.6882 73.6549 1.1470 11.3326 2018/6/15 12:0:8 
2.6390 2.7077 78.5425 1.1470 11.7026 2018/6/15 12:0:10 
2.6390 2.6931 49.2170 1.1470 9.2637 2018/6/15 12:0:12 
2.6390 2.6979 73.6549 1.1468 11.3338 2018/6/15 12:0:14 
2.6390 2.6833 73.6549 1.1472 11.3316 2018/6/15 12:0:16 
2.6390 2.6833 54.1046 1.1470 9.7129 2018/6/15 12:0:17 
2.6390 2.6979 73.6549 1.1467 11.3340 2018/6/15 12:0:19 
2.6390 2.6882 58.9921 1.1467 10.1435 2018/6/15 12:0:21 
2.6390 2.7077 49.2170 1.1469 9.2643 2018/6/15 12:0:23 
2.6390 2.6833 68.7673 1.1472 10.9494 2018/6/15 12:0:25 
2.6390 2.6931 49.2170 1.1476 9.2613 2018/6/15 12:0:27 
2.6390 2.7028 58.9921 1.1479 10.1381 2018/6/15 12:0:28 
2.6390 2.6931 58.9921 1.1483 10.1366 2018/6/15 12:0:30 
2.6390 2.7077 58.9921 1.1485 10.1356 2018/6/15 12:0:32 
2.6390 2.7077 63.8797 1.1486 10.5465 2018/6/15 12:0:34 
2.6390 2.6979 44.3294 1.1491 8.7840 2018/6/15 12:0:36 
2.6390 2.7028 83.4301 1.1493 12.0493 2018/6/15 12:0:38 
2.6390 2.6931 68.7673 1.1491 10.9405 2018/6/15 12:0:39 
2.6390 2.6833 68.7673 1.1489 10.9411 2018/6/15 12:0:41 
2.6390 2.6931 73.6549 1.1493 11.3215 2018/6/15 12:0:43 
2.6390 2.6882 73.6549 1.1498 11.3190 2018/6/15 12:0:45 
2.6390 2.7028 54.1046 1.1504 9.6986 2018/6/15 12:0:47 
2.6390 2.6931 54.1046 1.1505 9.6982 2018/6/15 12:0:49 
2.6390 2.6882 58.9921 1.1509 10.1249 2018/6/15 12:0:50 
2.6390 2.6833 58.9921 1.1512 10.1238 2018/6/15 12:0:52 
2.6390 2.7028 63.8797 1.1518 10.5320 2018/6/15 12:0:54 
2.6390 2.6931 49.2170 1.1522 9.2429 2018/6/15 12:0:56 
2.6390 2.6882 58.9921 1.1527 10.1173 2018/6/15 12:0:58 
2.6390 2.6882 44.3294 1.1527 8.7700 2018/6/15 12:1:0 
2.6390 2.7077 54.1046 1.1529 9.6880 2018/6/15 12:1:1 
2.6390 2.7028 58.9921 1.1532 10.1150 2018/6/15 12:1:3 
2.6390 2.7077 73.6549 1.1531 11.3028 2018/6/15 12:1:5 
2.6390 2.6882 58.9921 1.1533 10.1143 2018/6/15 12:1:7 
2.6390 2.6833 54.1046 1.1536 9.6851 2018/6/15 12:1:9 
2.6390 2.7077 49.2170 1.1538 9.2366 2018/6/15 12:1:11 
2.6390 2.6931 54.1046 1.1546 9.6810 2018/6/15 12:1:12 
2.6390 2.7077 44.3294 1.1551 8.7608 2018/6/15 12:1:14 
2.6390 2.6931 54.1046 1.1550 9.6794 2018/6/15 12:1:16 
2.6390 2.6931 68.7673 1.1551 10.9120 2018/6/15 12:1:18 
2.6390 2.6931 58.9921 1.1551 10.1066 2018/6/15 12:1:20 
2.6390 2.6882 44.3294 1.1551 8.7610 2018/6/15 12:1:21 
2.6390 2.6931 44.3294 1.1547 8.7625 2018/6/15 12:1:23 
2.6390 2.6931 68.7673 1.1546 10.9141 2018/6/15 12:1:25 
2.6390 2.6931 58.9921 1.1546 10.1087 2018/6/15 12:1:27 
2.6390 2.6882 63.8797 1.1547 10.5189 2018/6/15 12:1:29 
2.6390 2.6735 54.1046 1.1546 9.6810 2018/6/15 12:1:31 
2.6390 2.6882 83.4301 1.1541 12.0242 2018/6/15 12:1:32 
2.6390 2.6979 68.7673 1.1544 10.9151 2018/6/15 12:1:34 
2.6390 2.6882 58.9921 1.1540 10.1116 2018/6/15 12:1:36 
2.6390 2.7077 68.7673 1.1537 10.9185 2018/6/15 12:1:38 
2.6390 2.6833 44.3294 1.1537 8.7664 2018/6/15 12:1:40 
2.6390 2.6882 44.3294 1.1532 8.7682 2018/6/15 12:1:42 
2.6390 2.6931 49.2170 1.1532 9.2390 2018/6/15 12:1:43 
2.6390 2.7028 58.9921 1.1528 10.1167 2018/6/15 12:1:45 
2.6390 2.6784 54.1046 1.1527 9.6887 2018/6/15 12:1:47 
2.6390 2.6882 58.9921 1.1526 10.1176 2018/6/15 12:1:49 
2.6390 2.6833 68.7673 1.1526 10.9239 2018/6/15 12:1:51 
2.6390 2.6979 58.9921 1.1524 10.1184 2018/6/15 12:1:53 
2.6390 2.7028 54.1046 1.1522 9.6911 2018/6/15 12:1:54 
2.6390 2.6882 49.2170 1.1523 9.2423 2018/6/15 12:1:56 
2.6390 2.6833 68.7673 1.1528 10.9229 2018/6/15 12:1:58 
2.6390 2.6784 58.9921 1.1528 10.1167 2018/6/15 12:2:0 
2.6390 2.6931 68.7673 1.1528 10.9227 2018/6/15 12:2:2 
2.6390 2.7077 68.7673 1.1528 10.9228 2018/6/15 12:2:4 
2.6390 2.6882 63.8797 1.1526 10.5281 2018/6/15 12:2:5 
2.6390 2.6833 63.8797 1.1524 10.5293 2018/6/15 12:2:7 
2.6390 2.6833 54.1046 1.1522 9.6909 2018/6/15 12:2:9 
2.6390 2.6979 49.2170 1.1522 9.2430 2018/6/15 12:2:11 
2.6390 2.7028 39.4418 1.1523 8.2737 2018/6/15 12:2:13 
2.6390 2.7028 49.2170 1.1521 9.2432 2018/6/15 12:2:15 
2.6390 2.7028 58.9921 1.1528 10.1166 2018/6/15 12:2:16 
2.6390 2.7028 68.7673 1.1532 10.9207 2018/6/15 12:2:18 
2.6390 2.7028 58.9921 1.1540 10.1114 2018/6/15 12:2:20 
2.6390 2.6931 54.1046 1.1549 9.6796 2018/6/15 12:2:22 
2.6390 2.6931 44.3294 1.1555 8.7595 2018/6/15 12:2:24 
2.6390 2.6931 49.2170 1.1567 9.2250 2018/6/15 12:2:26 
2.6390 2.6979 54.1046 1.1577 9.6680 2018/6/15 12:2:27 
2.6390 2.6979 68.7673 1.1578 10.8992 2018/6/15 12:2:29 
2.6390 2.6882 63.8797 1.1582 10.5029 2018/6/15 12:2:31 
2.6390 2.7028 58.9921 1.1592 10.0888 2018/6/15 12:2:33 
2.6390 2.7028 58.9921 1.1592 10.0885 2018/6/15 12:2:35 
2.6390 2.7028 78.5425 1.1597 11.6382 2018/6/15 12:2:37 
2.6390 2.6833 63.8797 1.1603 10.4935 2018/6/15 12:2:38 
2.6390 2.6931 58.9921 1.1610 10.0809 2018/6/15 12:2:40 
2.6390 2.6882 58.9921 1.1612 10.0799 2018/6/15 12:2:42 
2.6390 2.6979 29.6667 1.1615 7.1473 2018/6/15 12:2:44 
2.6390 2.6931 54.1046 1.1616 9.6517 2018/6/15 12:2:46 
2.6390 2.6784 54.1046 1.1621 9.6495 2018/6/15 12:2:48 
2.6390 2.6784 54.1046 1.1624 9.6482 2018/6/15 12:2:49 
2.6390 2.6979 54.1046 1.1621 9.6495 2018/6/15 12:2:51 
2.6390 2.6833 58.9921 1.1627 10.0736 2018/6/15 12:2:53 
2.6390 2.6833 49.2170 1.1625 9.2020 2018/6/15 12:2:55 
2.6390 2.6979 34.5542 1.1623 7.7110 2018/6/15 12:2:57 
2.6390 2.6882 54.1046 1.1622 9.6493 2018/6/15 12:2:59 
2.6390 2.6931 54.1046 1.1622 9.6491 2018/6/15 12:3:0 
2.6390 2.6931 68.7673 1.1620 10.8793 2018/6/15 12:3:2 
2.6390 2.6882 49.2170 1.1620 9.2039 2018/6/15 12:3:4 
2.6390 2.6979 44.3294 1.1623 8.7339 2018/6/15 12:3:6 
2.6390 2.6931 58.9921 1.1627 10.0736 2018/6/15 12:3:8 
2.6390 2.6784 58.9921 1.1632 10.0714 2018/6/15 12:3:9 
2.6390 2.6833 49.2170 1.1632 9.1992 2018/6/15 12:3:11 
2.6390 2.6882 73.6549 1.1630 11.2546 2018/6/15 12:3:13 
2.6390 2.6833 78.5425 1.1634 11.6199 2018/6/15 12:3:15 
2.6390 2.6931 44.3294 1.1636 8.7288 2018/6/15 12:3:17 
2.6390 2.6735 54.1046 1.1636 9.6433 2018/6/15 12:3:19 
2.6390 2.6784 54.1046 1.1639 9.6423 2018/6/15 12:3:20 
2.6390 2.7077 49.2170 1.1639 9.1964 2018/6/15 12:3:22 
2.6390 2.7077 58.9921 1.1637 10.0693 2018/6/15 12:3:24 
2.6390 2.6833 58.9921 1.1639 10.0682 2018/6/15 12:3:26 
2.6390 2.6882 63.8797 1.1641 10.4763 2018/6/15 12:3:28 
2.6390 2.6931 54.1046 1.1643 9.6405 2018/6/15 12:3:30 
2.6390 2.7028 68.7673 1.1641 10.8693 2018/6/15 12:3:31 
2.6390 2.7028 49.2170 1.1639 9.1965 2018/6/15 12:3:33 
2.6390 2.6979 34.5542 1.1639 7.7057 2018/6/15 12:3:35 
2.6390 2.7028 68.7673 1.1637 10.8712 2018/6/15 12:3:37 
2.6390 2.6979 44.3294 1.1636 8.7287 2018/6/15 12:3:39 
2.6390 2.6979 54.1046 1.1637 9.6431 2018/6/15 12:3:41 
2.6390 2.6931 58.9921 1.1634 10.0702 2018/6/15 12:3:42 
2.6390 2.6784 44.3294 1.1633 8.7301 2018/6/15 12:3:44 
2.6390 2.6784 58.9921 1.1633 10.0711 2018/6/15 12:3:46 
2.6390 2.6979 44.3294 1.1632 8.7304 2018/6/15 12:3:48 
2.6390 2.6882 54.1046 1.1630 9.6458 2018/6/15 12:3:50 
2.6390 2.6833 49.2170 1.1630 9.1998 2018/6/15 12:3:52 
2.6390 2.6931 39.4418 1.1632 8.2349 2018/6/15 12:3:53 
2.6390 2.6931 39.4418 1.1633 8.2347 2018/6/15 12:3:55 
2.6390 2.6979 44.3294 1.1630 8.7312 2018/6/15 12:3:57 
2.6390 2.6833 54.1046 1.1627 9.6470 2018/6/15 12:3:59 
2.6390 2.7028 54.1046 1.1627 9.6472 2018/6/15 12:4:1 
2.6390 2.6833 44.3294 1.1627 8.7322 2018/6/15 12:4:3 
2.6390 2.6979 58.9921 1.1630 10.0723 2018/6/15 12:4:4 
2.6390 2.6735 49.2170 1.1631 9.1993 2018/6/15 12:4:6 
2.6390 2.6882 63.8797 1.1634 10.4792 2018/6/15 12:4:8 
2.6390 2.6979 44.3294 1.1638 8.7281 2018/6/15 12:4:10 
2.6390 2.6882 39.4418 1.1639 8.2327 2018/6/15 12:4:12 
2.6390 2.6882 44.3294 1.1638 8.7282 2018/6/15 12:4:14 
2.6390 2.6735 58.9921 1.1639 10.0684 2018/6/15 12:4:15 
2.6390 2.7126 54.1046 1.1634 9.6443 2018/6/15 12:4:17 
2.6390 2.6931 73.6549 1.1634 11.2525 2018/6/15 12:4:19 
2.6390 2.6931 44.3294 1.1632 8.7305 2018/6/15 12:4:21 
2.6390 2.6882 49.2170 1.1631 9.1993 2018/6/15 12:4:23 
2.6390 2.6882 44.3294 1.1632 8.7305 2018/6/15 12:4:25 
2.6390 2.6882 49.2170 1.1634 9.1983 2018/6/15 12:4:26 
2.6390 2.6833 49.2170 1.1635 9.1980 2018/6/15 12:4:28 
2.6390 2.6979 54.1046 1.1637 9.6429 2018/6/15 12:4:30 
2.6390 2.6833 44.3294 1.1637 8.7286 2018/6/15 12:4:32 
2.6390 2.6833 39.4418 1.1635 8.2341 2018/6/15 12:4:34 
2.6390 2.6784 44.3294 1.1632 8.7303 2018/6/15 12:4:36 
2.6390 2.6979 34.5542 1.1637 7.7063 2018/6/15 12:4:37 
2.6390 2.6931 54.1046 1.1640 9.6416 2018/6/15 12:4:39 
2.6390 2.6931 63.8797 1.1643 10.4752 2018/6/15 12:4:41 
2.6390 2.6931 54.1046 1.1647 9.6388 2018/6/15 12:4:43 
2.6390 2.6931 44.3294 1.1647 8.7249 2018/6/15 12:4:45 
2.6390 2.6931 54.1046 1.1647 9.6389 2018/6/15 12:4:47 
2.6390 2.7028 44.3294 1.1650 8.7237 2018/6/15 12:4:48 
2.6390 2.6979 49.2170 1.1652 9.1912 2018/6/15 12:4:50 
2.6390 2.6931 44.3294 1.1649 8.7240 2018/6/15 12:4:52 
2.6390 2.6735 44.3294 1.1647 8.7247 2018/6/15 12:4:54 
2.6390 2.6735 49.2170 1.1645 9.1940 2018/6/15 12:4:56 
2.6390 2.6686 44.3294 1.1643 8.7261 2018/6/15 12:4:57 
2.6390 2.6882 54.1046 1.1641 9.6412 2018/6/15 12:4:59 
2.6390 2.6979 39.4418 1.1641 8.2318 2018/6/15 12:5:1 
2.6390 2.6833 49.2170 1.1639 9.1963 2018/6/15 12:5:3 
2.6390 2.6784 49.2170 1.1637 9.1970 2018/6/15 12:5:5 
2.6390 2.6979 44.3294 1.1633 8.7300 2018/6/15 12:5:7 
2.6390 2.6784 44.3294 1.1633 8.7300 2018/6/15 12:5:9 
2.6390 2.6882 58.9921 1.1633 10.0709 2018/6/15 12:5:10 
2.6390 2.7126 34.5542 1.1631 7.7083 2018/6/15 12:5:12 
2.6390 2.7077 58.9921 1.1626 10.0740 2018/6/15 12:5:14 
2.6390 2.6784 58.9921 1.1623 10.0753 2018/6/15 12:5:16 
2.6390 2.6882 63.8797 1.1620 10.4855 2018/6/15 12:5:18 
2.6390 2.6686 39.4418 1.1615 8.2409 2018/6/15 12:5:20 
2.6390 2.6833 54.1046 1.1618 9.6509 2018/6/15 12:5:21 
2.6390 2.6833 49.2170 1.1615 9.2057 2018/6/15 12:5:23 
2.6390 2.7028 44.3294 1.1615 8.7366 2018/6/15 12:5:25 
2.6390 2.6882 54.1046 1.1613 9.6529 2018/6/15 12:5:27 
2.6390 2.7028 58.9921 1.1616 10.0784 2018/6/15 12:5:29 
2.6390 2.6931 34.5542 1.1618 7.7124 2018/6/15 12:5:31 
2.6390 2.6979 58.9921 1.1618 10.0774 2018/6/15 12:5:32 
2.6390 2.6979 49.2170 1.1618 9.2047 2018/6/15 12:5:34 
2.6390 2.6784 54.1046 1.1615 9.6520 2018/6/15 12:5:36 
2.6390 2.6979 54.1046 1.1613 9.6528 2018/6/15 12:5:38 
2.6390 2.6979 58.9921 1.1613 10.0796 2018/6/15 12:5:40 
2.6390 2.6931 58.9921 1.1611 10.0806 2018/6/15 12:5:42 
2.6390 2.6882 63.8797 1.1614 10.4884 2018/6/15 12:5:43 
2.6390 2.6882 54.1046 1.1610 9.6543 2018/6/15 12:5:45 
2.6390 2.6833 58.9921 1.1612 10.0798 2018/6/15 12:5:47 
2.6390 2.6882 54.1046 1.1615 9.6522 2018/6/15 12:5:49 
2.6390 2.6931 54.1046 1.1615 9.6523 2018/6/15 12:5:51 
2.6390 2.6784 68.7673 1.1615 10.8816 2018/6/15 12:5:53 
2.6390 2.6882 49.2170 1.1622 9.2032 2018/6/15 12:5:54 
2.6390 2.6735 54.1046 1.1622 9.6494 2018/6/15 12:5:56 
2.6390 2.6979 54.1046 1.1624 9.6482 2018/6/15 12:5:58 
2.6390 2.6833 39.4418 1.1622 8.2387 2018/6/15 12:6:0 
2.6390 2.6784 49.2170 1.1622 9.2029 2018/6/15 12:6:2 
2.6390 2.6979 54.1046 1.1625 9.6481 2018/6/15 12:6:4 
2.6390 2.6833 58.9921 1.1624 10.0749 2018/6/15 12:6:5 
2.6390 2.6833 39.4418 1.1637 8.2332 2018/6/15 12:6:7 
2.6390 2.6931 49.2170 1.1641 9.1955 2018/6/15 12:6:9 
2.6390 2.6979 39.4418 1.1639 8.2325 2018/6/15 12:6:11 
2.6390 2.6833 68.7673 1.1640 10.8702 2018/6/15 12:6:13 
2.6390 2.6979 29.6667 1.1642 7.1390 2018/6/15 12:6:15 
2.6390 2.6931 58.9921 1.1644 10.0662 2018/6/15 12:6:16 
2.6390 2.6882 49.2170 1.1648 9.1928 2018/6/15 12:6:18 
2.6390 2.6979 54.1046 1.1652 9.6367 2018/6/15 12:6:20 
2.6390 2.6882 54.1046 1.1656 9.6350 2018/6/15 12:6:22 
2.6390 2.6931 58.9921 1.1657 10.0605 2018/6/15 12:6:24 
2.6390 2.6931 44.3294 1.1658 8.7206 2018/6/15 12:6:26 
2.6390 2.6931 34.5542 1.1658 7.6995 2018/6/15 12:6:27 
2.6390 2.6784 39.4418 1.1658 8.2259 2018/6/15 12:6:29 
2.6390 2.6979 44.3294 1.1656 8.7214 2018/6/15 12:6:31 
2.6390 2.6931 44.3294 1.1659 8.7205 2018/6/15 12:6:33 
2.6390 2.6784 49.2170 1.1659 9.1886 2018/6/15 12:6:35 
2.6390 2.6735 54.1046 1.1659 9.6340 2018/6/15 12:6:36 
2.6390 2.6882 34.5542 1.1658 7.6992 2018/6/15 12:6:38 
2.6390 2.6882 49.2170 1.1659 9.1886 2018/6/15 12:6:40 
2.6390 2.6882 54.1046 1.1659 9.6339 2018/6/15 12:6:42 
2.6390 2.6979 58.9921 1.1661 10.0587 2018/6/15 12:6:44 
2.6390 2.6931 49.2170 1.1664 9.1865 2018/6/15 12:6:46 
2.6390 2.6833 63.8797 1.1661 10.4669 2018/6/15 12:6:47 
2.6390 2.6979 39.4418 1.1661 8.2248 2018/6/15 12:6:49 
2.6390 2.6931 44.3294 1.1661 8.7194 2018/6/15 12:6:51 
2.6390 2.6833 34.5542 1.1662 7.6982 2018/6/15 12:6:53 
2.6390 2.7028 58.9921 1.1662 10.0581 2018/6/15 12:6:55 
2.6390 2.6882 54.1046 1.1660 9.6337 2018/6/15 12:6:57 
2.6390 2.6833 39.4418 1.1659 8.2254 2018/6/15 12:6:58 
2.6390 2.6882 54.1046 1.1659 9.6338 2018/6/15 12:7:0 
2.6390 2.6979 39.4418 1.1662 8.2243 2018/6/15 12:7:2 
2.6390 2.6882 49.2170 1.1664 9.1864 2018/6/15 12:7:4 
2.6390 2.7028 58.9921 1.1661 10.0586 2018/6/15 12:7:6 
2.6390 2.6882 58.9921 1.1665 10.0572 2018/6/15 12:7:8 
2.6390 2.6931 49.2170 1.1662 9.1872 2018/6/15 12:7:9 
2.6390 2.6882 39.4418 1.1660 8.2252 2018/6/15 12:7:11 
2.6390 2.6833 44.3294 1.1658 8.7208 2018/6/15 12:7:13 
2.6390 2.6882 58.9921 1.1656 10.0608 2018/6/15 12:7:15 
2.6390 2.6882 54.1046 1.1658 9.6343 2018/6/15 12:7:17 
2.6390 2.7028 63.8797 1.1656 10.4694 2018/6/15 12:7:19 
2.6390 2.6931 58.9921 1.1658 10.0600 2018/6/15 12:7:20 
2.6390 2.6882 58.9921 1.1659 10.0597 2018/6/15 12:7:22 
2.6390 2.6931 49.2170 1.1656 9.1896 2018/6/15 12:7:24 
2.6390 2.6784 54.1046 1.1654 9.6360 2018/6/15 12:7:26 
2.6390 2.7028 39.4418 1.1654 8.2274 2018/6/15 12:7:28 
2.6390 2.6735 54.1046 1.1654 9.6360 2018/6/15 12:7:30 
2.6390 2.6833 39.4418 1.1654 8.2272 2018/6/15 12:7:31 
2.6390 2.6979 24.7791 1.1654 6.5211 2018/6/15 12:7:33 
2.6390 2.6931 44.3294 1.1657 8.7211 2018/6/15 12:7:35 
2.6390 2.6882 49.2170 1.1656 9.1895 2018/6/15 12:7:37 
2.6390 2.6833 54.1046 1.1657 9.6348 2018/6/15 12:7:39 
2.6390 2.6833 44.3294 1.1659 8.7201 2018/6/15 12:7:41 
2.6390 2.6979 58.9921 1.1661 10.0587 2018/6/15 12:7:42 
2.6390 2.6833 49.2170 1.1663 9.1868 2018/6/15 12:7:44 
2.6390 2.6931 54.1046 1.1666 9.6311 2018/6/15 12:7:46 
2.6390 2.6931 58.9921 1.1666 10.0566 2018/6/15 12:7:48 
2.6390 2.7028 34.5542 1.1666 7.6967 2018/6/15 12:7:50 
2.6390 2.6784 54.1046 1.1665 9.6312 2018/6/15 12:7:52 
2.6390 2.6931 44.3294 1.1663 8.7187 2018/6/15 12:7:53 
2.6390 2.6882 44.3294 1.1663 8.7187 2018/6/15 12:7:55 
2.6390 2.6784 58.9921 1.1663 10.0581 2018/6/15 12:7:57 
2.6390 2.6882 49.2170 1.1661 9.1877 2018/6/15 12:7:59 
2.6390 2.6931 63.8797 1.1658 10.4683 2018/6/15 12:8:1 
2.6390 2.6931 39.4418 1.1656 8.2265 2018/6/15 12:8:3 
2.6390 2.6833 34.5542 1.1653 7.7011 2018/6/15 12:8:4 
2.6390 2.6784 49.2170 1.1652 9.1911 2018/6/15 12:8:6 
2.6390 2.6833 49.2170 1.1650 9.1920 2018/6/15 12:8:8 
2.6390 2.7028 49.2170 1.1648 9.1929 2018/6/15 12:8:10 
2.6390 2.6882 58.9921 1.1643 10.0663 2018/6/15 12:8:12 
2.6390 2.7028 49.2170 1.1641 9.1956 2018/6/15 12:8:13 
2.6390 2.7028 63.8797 1.1639 10.4771 2018/6/15 12:8:15 
2.6390 2.6833 63.8797 1.1637 10.4780 2018/6/15 12:8:17 
2.6390 2.6882 34.5542 1.1634 7.7072 2018/6/15 12:8:19 
2.6390 2.7028 63.8797 1.1633 10.4799 2018/6/15 12:8:21 
2.6390 2.6784 54.1046 1.1630 9.6458 2018/6/15 12:8:23 
2.6390 2.7028 58.9921 1.1627 10.0734 2018/6/15 12:8:24 
2.6390 2.6833 54.1046 1.1624 9.6484 2018/6/15 12:8:26 
2.6390 2.6833 49.2170 1.1621 9.2033 2018/6/15 12:8:28 
2.6390 2.7028 39.4418 1.1617 8.2405 2018/6/15 12:8:30 
2.6390 2.6979 54.1046 1.1614 9.6525 2018/6/15 12:8:32 
2.6390 2.6931 49.2170 1.1611 9.2073 2018/6/15 12:8:34 
2.6390 2.6882 44.3294 1.1609 8.7389 2018/6/15 12:8:35 
2.6390 2.7077 44.3294 1.1609 8.7389 2018/6/15 12:8:37 
2.6390 2.6882 39.4418 1.1606 8.2441 2018/6/15 12:8:39 
2.6390 2.6588 44.3294 1.1604 8.7409 2018/6/15 12:8:41 
2.6390 2.6833 58.9921 1.1601 10.0846 2018/6/15 12:8:43 
2.6390 2.6784 49.2170 1.1602 9.2109 2018/6/15 12:8:45 
2.6390 2.6882 49.2170 1.1605 9.2099 2018/6/15 12:8:46 
2.6390 2.6784 54.1046 1.1605 9.6565 2018/6/15 12:8:48 
2.6390 2.7028 44.3294 1.1604 8.7408 2018/6/15 12:8:50 
2.6390 2.6882 68.7673 1.1606 10.8859 2018/6/15 12:8:52 
2.6390 2.6784 34.5542 1.1608 7.7158 2018/6/15 12:8:54 
2.6390 2.6931 58.9921 1.1614 10.0792 2018/6/15 12:8:56 
2.6390 2.6931 58.9921 1.1618 10.0773 2018/6/15 12:8:57 
2.6390 2.6784 39.4418 1.1631 8.2353 2018/6/15 12:8:59 
2.6390 2.6882 58.9921 1.1638 10.0686 2018/6/15 12:9:1 
2.6390 2.6931 24.7791 1.1643 6.5242 2018/6/15 12:9:3 
2.6390 2.6882 63.8797 1.1652 10.4713 2018/6/15 12:9:5 
2.6390 2.6784 54.1046 1.1657 9.6346 2018/6/15 12:9:7 
2.6390 2.6979 49.2170 1.1668 9.1848 2018/6/15 12:9:8 
2.6390 2.6979 44.3294 1.1679 8.7129 2018/6/15 12:9:10 
2.6390 2.6979 63.8797 1.1688 10.4551 2018/6/15 12:9:12 
2.6390 2.6784 44.3294 1.1695 8.7070 2018/6/15 12:9:14 
2.6390 2.6979 63.8797 1.1699 10.4500 2018/6/15 12:9:16 
2.6390 2.7028 58.9921 1.1707 10.0389 2018/6/15 12:9:18 
2.6390 2.6784 49.2170 1.1708 9.1691 2018/6/15 12:9:19 
2.6390 2.6931 39.4418 1.1713 8.2065 2018/6/15 12:9:21 
2.6390 2.6833 54.1046 1.1715 9.6107 2018/6/15 12:9:23 
2.6390 2.6833 73.6549 1.1718 11.2123 2018/6/15 12:9:25 
2.6390 2.6784 49.2170 1.1720 9.1644 2018/6/15 12:9:27 
2.6390 2.6882 54.1046 1.1718 9.6096 2018/6/15 12:9:29 
2.6390 2.6833 54.1046 1.1718 9.6096 2018/6/15 12:9:30 
2.6390 2.6931 44.3294 1.1715 8.6993 2018/6/15 12:9:32 
2.6390 2.6833 44.3294 1.1713 8.7003 2018/6/15 12:9:34 
2.6390 2.7028 44.3294 1.1710 8.7012 2018/6/15 12:9:36 
2.6390 2.6882 54.1046 1.1705 9.6149 2018/6/15 12:9:38 
2.6390 2.6979 54.1046 1.1703 9.6158 2018/6/15 12:9:40 
2.6390 2.6833 58.9921 1.1700 10.0420 2018/6/15 12:9:41 
2.6390 2.6882 63.8797 1.1695 10.4518 2018/6/15 12:9:43 
2.6390 2.6833 44.3294 1.1695 8.7070 2018/6/15 12:9:45 
2.6390 2.7126 54.1046 1.1692 9.6201 2018/6/15 12:9:47 
2.6390 2.6931 49.2170 1.1688 9.1771 2018/6/15 12:9:49 
2.6390 2.6882 39.4418 1.1688 8.2153 2018/6/15 12:9:51 
2.6390 2.6784 49.2170 1.1693 9.1751 2018/6/15 12:9:52 
2.6390 2.6882 54.1046 1.1698 9.6179 2018/6/15 12:9:54 
2.6390 2.6833 44.3294 1.1703 8.7040 2018/6/15 12:9:56 
2.6390 2.6784 54.1046 1.1698 9.6178 2018/6/15 12:9:58 
2.6390 2.6931 68.7673 1.1694 10.8447 2018/6/15 12:10:0 
2.6390 2.6833 49.2170 1.1696 9.1739 2018/6/15 12:10:1 
2.6390 2.6882 44.3294 1.1701 8.7047 2018/6/15 12:10:3 
2.6390 2.6833 44.3294 1.1707 8.7024 2018/6/15 12:10:5 
2.6390 2.6931 39.4418 1.1709 8.2080 2018/6/15 12:10:7 
2.6390 2.6833 34.5542 1.1712 7.6817 2018/6/15 12:10:9 
2.6390 2.6979 54.1046 1.1707 9.6141 2018/6/15 12:10:11 
2.6390 2.6931 44.3294 1.1704 8.7036 2018/6/15 12:10:12 
2.6390 2.6833 49.2170 1.1698 9.1731 2018/6/15 12:10:14 
2.6390 2.6833 49.2170 1.1694 9.1748 2018/6/15 12:10:16 
2.6390 2.6784 39.4418 1.1689 8.2149 2018/6/15 12:10:18 
2.6390 2.6931 49.2170 1.1687 9.1775 2018/6/15 12:10:20 
2.6390 2.6882 49.2170 1.1683 9.1792 2018/6/15 12:10:22 
2.6390 2.6882 39.4418 1.1679 8.2186 2018/6/15 12:10:23 
2.6390 2.6979 54.1046 1.1676 9.6267 2018/6/15 12:10:25 
2.6390 2.6979 39.4418 1.1672 8.2208 2018/6/15 12:10:27 
2.6390 2.6979 34.5542 1.1667 7.6964 2018/6/15 12:10:29 
2.6390 2.6735 39.4418 1.1667 8.2228 2018/6/15 12:10:31 
2.6390 2.6882 39.4418 1.1662 8.2245 2018/6/15 12:10:33 
2.6390 2.6931 39.4418 1.1657 8.2262 2018/6/15 12:10:34 
2.6390 2.6882 73.6549 1.1655 11.2424 2018/6/15 12:10:36 
2.6390 2.6979 39.4418 1.1651 8.2284 2018/6/15 12:10:38 
2.6390 2.6979 34.5542 1.1649 7.7025 2018/6/15 12:10:40 
2.6390 2.6882 44.3294 1.1644 8.7259 2018/6/15 12:10:42 
2.6390 2.6784 44.3294 1.1642 8.7266 2018/6/15 12:10:44 
2.6390 2.6833 39.4418 1.1638 8.2329 2018/6/15 12:10:45 
2.6390 2.6931 54.1046 1.1638 9.6427 2018/6/15 12:10:47 
2.6390 2.6833 39.4418 1.1635 8.2341 2018/6/15 12:10:49 
2.6390 2.6979 54.1046 1.1634 9.6442 2018/6/15 12:10:51 
2.6390 2.6979 49.2170 1.1632 9.1991 2018/6/15 12:10:53 
2.6390 2.6833 54.1046 1.1630 9.6459 2018/6/15 12:10:55 
2.6390 2.6833 63.8797 1.1628 10.4818 2018/6/15 12:10:56 
2.6390 2.6931 49.2170 1.1628 9.2006 2018/6/15 12:10:58 
2.6390 2.6931 49.2170 1.1625 9.2019 2018/6/15 12:11:0 
2.6390 2.6833 44.3294 1.1623 8.7338 2018/6/15 12:11:2 
2.6390 2.6882 54.1046 1.1621 9.6498 2018/6/15 12:11:4 
2.6390 2.6833 39.4418 1.1620 8.2391 2018/6/15 12:11:6 
2.6390 2.6833 58.9921 1.1617 10.0779 2018/6/15 12:11:7 
2.6390 2.6979 54.1046 1.1619 9.6505 2018/6/15 12:11:9 
2.6390 2.6784 49.2170 1.1616 9.2054 2018/6/15 12:11:11 
2.6390 2.6833 44.3294 1.1619 8.7353 2018/6/15 12:11:13 
2.6390 2.6882 54.1046 1.1624 9.6483 2018/6/15 12:11:15 
2.6390 2.6833 54.1046 1.1624 9.6482 2018/6/15 12:11:17 
2.6390 2.7028 34.5542 1.1627 7.7096 2018/6/15 12:11:18 
2.6390 2.7028 58.9921 1.1629 10.0724 2018/6/15 12:11:20 
2.6390 2.6882 49.2170 1.1631 9.1993 2018/6/15 12:11:22 
2.6390 2.6931 49.2170 1.1632 9.1992 2018/6/15 12:11:24 
2.6390 2.6735 58.9921 1.1631 10.0715 2018/6/15 12:11:26 
2.6390 2.6882 44.3294 1.1631 8.7306 2018/6/15 12:11:28 
2.6390 2.6931 44.3294 1.1640 8.7274 2018/6/15 12:11:29 
2.6390 2.6686 54.1046 1.1639 9.6423 2018/6/15 12:11:31 
2.6390 2.6882 54.1046 1.1645 9.6398 2018/6/15 12:11:33 
2.6390 2.6979 44.3294 1.1642 8.7266 2018/6/15 12:11:35 
2.6390 2.6784 39.4418 1.1645 8.2304 2018/6/15 12:11:37 
2.6390 2.6735 58.9921 1.1647 10.0648 2018/6/15 12:11:39 
2.6390 2.6931 29.6667 1.1649 7.1367 2018/6/15 12:11:40 
2.6390 2.6833 58.9921 1.1651 10.0632 2018/6/15 12:11:42 
2.6390 2.6979 34.5542 1.1655 7.7004 2018/6/15 12:11:44 
2.6390 2.6784 54.1046 1.1658 9.6343 2018/6/15 12:11:46 
2.6390 2.6833 58.9921 1.1656 10.0607 2018/6/15 12:11:48 
2.6390 2.6784 58.9921 1.1658 10.0600 2018/6/15 12:11:49 
2.6390 2.6784 54.1046 1.1660 9.6334 2018/6/15 12:11:51 
2.6390 2.6686 49.2170 1.1662 9.1873 2018/6/15 12:11:53 
2.6390 2.6882 49.2170 1.1665 9.1860 2018/6/15 12:11:55 
2.6390 2.6979 54.1046 1.1668 9.6301 2018/6/15 12:11:57 
2.6390 2.6833 34.5542 1.1674 7.6942 2018/6/15 12:11:59 
2.6390 2.6979 39.4418 1.1676 8.2195 2018/6/15 12:12:0 
2.6390 2.6833 39.4418 1.1681 8.2178 2018/6/15 12:12:2 
2.6390 2.7028 29.6667 1.1682 7.1266 2018/6/15 12:12:4 
2.6390 2.6979 68.7673 1.1687 10.8482 2018/6/15 12:12:6 
2.6390 2.6882 44.3294 1.1689 8.7090 2018/6/15 12:12:8 
2.6390 2.6833 54.1046 1.1694 9.6193 2018/6/15 12:12:10 
2.6390 2.6931 39.4418 1.1697 8.2122 2018/6/15 12:12:11 
2.6390 2.6882 54.1046 1.1697 9.6183 2018/6/15 12:12:13 
2.6390 2.6979 39.4418 1.1699 8.2115 2018/6/15 12:12:15 
2.6390 2.6735 44.3294 1.1699 8.7055 2018/6/15 12:12:17 
2.6390 2.6833 63.8797 1.1700 10.4496 2018/6/15 12:12:19 
2.6390 2.6882 63.8797 1.1701 10.4491 2018/6/15 12:12:21 
2.6390 2.6931 49.2170 1.1704 9.1708 2018/6/15 12:12:22 
2.6390 2.6784 63.8797 1.1707 10.4468 2018/6/15 12:12:24 
2.6390 2.6979 54.1046 1.1707 9.6140 2018/6/15 12:12:26 
2.6390 2.7028 68.7673 1.1707 10.8390 2018/6/15 12:12:28 
2.6390 2.6833 68.7673 1.1704 10.8403 2018/6/15 12:12:30 
2.6390 2.6979 44.3294 1.1704 8.7034 2018/6/15 12:12:32 
2.6390 2.6784 44.3294 1.1704 8.7033 2018/6/15 12:12:33 
2.6390 2.6833 54.1046 1.1705 9.6148 2018/6/15 12:12:35 
2.6390 2.6979 54.1046 1.1704 9.6152 2018/6/15 12:12:37 
2.6390 2.6784 44.3294 1.1699 8.7052 2018/6/15 12:12:39 
2.6390 2.6833 49.2170 1.1695 9.1744 2018/6/15 12:12:41 
2.6390 2.6882 34.5542 1.1694 7.6875 2018/6/15 12:12:43 
2.6390 2.6833 68.7673 1.1689 10.8471 2018/6/15 12:12:44 
2.6390 2.6882 34.5542 1.1688 7.6895 2018/6/15 12:12:46 
2.6390 2.6833 39.4418 1.1683 8.2171 2018/6/15 12:12:48 
2.6390 2.6979 58.9921 1.1683 10.0492 2018/6/15 12:12:50 
2.6390 2.6833 54.1046 1.1679 9.6256 2018/6/15 12:12:52 
2.6390 2.6931 49.2170 1.1677 9.1815 2018/6/15 12:12:54 
2.6390 2.6735 44.3294 1.1672 8.7155 2018/6/15 12:12:55 
2.6390 2.6931 49.2170 1.1672 9.1833 2018/6/15 12:12:57 
2.6390 2.6931 39.4418 1.1667 8.2227 2018/6/15 12:12:59 
2.6390 2.6931 54.1046 1.1666 9.6311 2018/6/15 12:13:1 
2.6390 2.6784 54.1046 1.1664 9.6317 2018/6/15 12:13:3 
2.6390 2.6882 29.6667 1.1662 7.1329 2018/6/15 12:13:5 
2.6390 2.6833 44.3294 1.1658 8.7207 2018/6/15 12:13:6 
2.6390 2.6686 29.6667 1.1658 7.1342 2018/6/15 12:13:8 
2.6390 2.6979 49.2170 1.1653 9.1908 2018/6/15 12:13:10 
2.6390 2.6882 34.5542 1.1653 7.7011 2018/6/15 12:13:12 
2.6390 2.6882 44.3294 1.1650 8.7235 2018/6/15 12:13:14 
2.6390 2.6931 54.1046 1.1649 9.6382 2018/6/15 12:13:16 
2.6390 2.6931 34.5542 1.1646 7.7032 2018/6/15 12:13:17 
2.6390 2.7077 44.3294 1.1647 8.7249 2018/6/15 12:13:19 
2.6390 2.6784 68.7673 1.1648 10.8661 2018/6/15 12:13:21 
2.6390 2.6784 44.3294 1.1648 8.7242 2018/6/15 12:13:23 
2.6390 2.6931 58.9921 1.1646 10.0651 2018/6/15 12:13:25 
2.6390 2.6882 54.1046 1.1644 9.6399 2018/6/15 12:13:27 
2.6390 2.6735 49.2170 1.1648 9.1926 2018/6/15 12:13:28 
2.6390 2.6882 54.1046 1.1648 9.6384 2018/6/15 12:13:30 
2.6390 2.6979 49.2170 1.1649 9.1925 2018/6/15 12:13:32 
2.6390 2.6784 49.2170 1.1648 9.1928 2018/6/15 12:13:34 
2.6390 2.6735 54.1046 1.1648 9.6384 2018/6/15 12:13:36 
2.6390 2.6882 34.5542 1.1649 7.7024 2018/6/15 12:13:37 
2.6390 2.6882 58.9921 1.1649 10.0640 2018/6/15 12:13:39 
2.6390 2.6784 29.6667 1.1654 7.1354 2018/6/15 12:13:41 
2.6390 2.6833 44.3294 1.1656 8.7215 2018/6/15 12:13:43 
2.6390 2.6882 63.8797 1.1658 10.4687 2018/6/15 12:13:45 
2.6390 2.6979 49.2170 1.1663 9.1868 2018/6/15 12:13:47 
2.6390 2.6686 49.2170 1.1672 9.1835 2018/6/15 12:13:48 
2.6390 2.6931 68.7673 1.1681 10.8510 2018/6/15 12:13:50 
2.6390 2.6784 49.2170 1.1687 9.1773 2018/6/15 12:13:52 
2.6390 2.6833 58.9921 1.1694 10.0443 2018/6/15 12:13:54 
2.6390 2.6931 54.1046 1.1704 9.6153 2018/6/15 12:13:56 
2.6390 2.6784 58.9921 1.1712 10.0367 2018/6/15 12:13:58 
2.6390 2.6882 68.7673 1.1720 10.8330 2018/6/15 12:13:59 
2.6390 2.6882 39.4418 1.1725 8.2023 2018/6/15 12:14:1 
2.6390 2.6784 39.4418 1.1729 8.2008 2018/6/15 12:14:3 
2.6390 2.6882 54.1046 1.1733 9.6033 2018/6/15 12:14:5 
2.6390 2.6882 58.9921 1.1739 10.0253 2018/6/15 12:14:7 
2.6390 2.6784 39.4418 1.1743 8.1962 2018/6/15 12:14:9 
2.6390 2.6882 63.8797 1.1747 10.4289 2018/6/15 12:14:11 
2.6390 2.6882 58.9921 1.1747 10.0219 2018/6/15 12:14:12 
2.6390 2.6931 44.3294 1.1749 8.6867 2018/6/15 12:14:14 
2.6390 2.6931 58.9921 1.1752 10.0199 2018/6/15 12:14:16 
2.6390 2.6833 49.2170 1.1752 9.1522 2018/6/15 12:14:18 
2.6390 2.6833 63.8797 1.1747 10.4287 2018/6/15 12:14:20 
2.6390 2.6833 44.3294 1.1745 8.6882 2018/6/15 12:14:22 
2.6390 2.6931 54.1046 1.1745 9.5986 2018/6/15 12:14:23 
2.6390 2.6833 58.9921 1.1743 10.0235 2018/6/15 12:14:25 
2.6390 2.6882 34.5542 1.1743 7.6714 2018/6/15 12:14:27 
2.6390 2.6784 58.9921 1.1745 10.0227 2018/6/15 12:14:29 
2.6390 2.6979 54.1046 1.1743 9.5993 2018/6/15 12:14:31 
2.6390 2.6931 49.2170 1.1741 9.1564 2018/6/15 12:14:33 
2.6390 2.6979 44.3294 1.1739 8.6906 2018/6/15 12:14:34 
2.6390 2.6833 44.3294 1.1738 8.6907 2018/6/15 12:14:36 
2.6390 2.6882 49.2170 1.1736 9.1584 2018/6/15 12:14:38 
2.6390 2.6931 29.6667 1.1734 7.1110 2018/6/15 12:14:40 
2.6390 2.6784 49.2170 1.1732 9.1599 2018/6/15 12:14:42 
2.6390 2.6931 44.3294 1.1734 8.6923 2018/6/15 12:14:44 
2.6390 2.7028 49.2170 1.1731 9.1600 2018/6/15 12:14:45 
2.6390 2.6735 49.2170 1.1732 9.1598 2018/6/15 12:14:47 
2.6390 2.6931 39.4418 1.1730 8.2006 2018/6/15 12:14:49 
2.6390 2.6931 54.1046 1.1730 9.6045 2018/6/15 12:14:51 
2.6390 2.6882 34.5542 1.1732 7.6749 2018/6/15 12:14:53 
2.6390 2.6931 49.2170 1.1734 9.1590 2018/6/15 12:14:54 
2.6390 2.6931 49.2170 1.1737 9.1580 2018/6/15 12:14:56 
2.6390 2.6979 34.5542 1.1737 7.6734 2018/6/15 12:14:58 
2.6390 2.6931 54.1046 1.1739 9.6010 2018/6/15 12:15:0 
2.6390 2.6931 49.2170 1.1744 9.1552 2018/6/15 12:15:2 
2.6390 2.6735 49.2170 1.1746 9.1543 2018/6/15 12:15:4 
2.6390 2.6931 44.3294 1.1744 8.6887 2018/6/15 12:15:5 
2.6390 2.7077 49.2170 1.1744 9.1553 2018/6/15 12:15:7 
2.6390 2.6833 39.4418 1.1741 8.1967 2018/6/15 12:15:9 
2.6390 2.6931 39.4418 1.1739 8.1974 2018/6/15 12:15:11 
2.6390 2.6979 39.4418 1.1739 8.1973 2018/6/15 12:15:13 
2.6390 2.6931 49.2170 1.1737 9.1577 2018/6/15 12:15:15 
2.6390 2.6979 54.1046 1.1734 9.6029 2018/6/15 12:15:16 
2.6390 2.6931 39.4418 1.1730 8.2006 2018/6/15 12:15:18 
2.6390 2.6882 49.2170 1.1728 9.1613 2018/6/15 12:15:20 
2.6390 2.6833 39.4418 1.1725 8.2023 2018/6/15 12:15:22 
2.6390 2.6784 34.5542 1.1721 7.6787 2018/6/15 12:15:24 
2.6390 2.6882 49.2170 1.1718 9.1654 2018/6/15 12:15:26 
2.6390 2.6882 54.1046 1.1715 9.6108 2018/6/15 12:15:27 
2.6390 2.7077 49.2170 1.1711 9.1681 2018/6/15 12:15:29 
2.6390 2.6784 39.4418 1.1708 8.2083 2018/6/15 12:15:31 
2.6390 2.6882 58.9921 1.1706 10.0395 2018/6/15 12:15:33 
2.6390 2.6931 54.1046 1.1708 9.6137 2018/6/15 12:15:35 
2.6390 2.6833 44.3294 1.1710 8.7011 2018/6/15 12:15:37 
2.6390 2.6735 44.3294 1.1713 8.7002 2018/6/15 12:15:38 
2.6390 2.6833 49.2170 1.1716 9.1662 2018/6/15 12:15:40 
2.6390 2.6833 44.3294 1.1719 8.6980 2018/6/15 12:15:42 
2.6390 2.6882 49.2170 1.1726 9.1621 2018/6/15 12:15:44 
2.6390 2.6882 63.8797 1.1730 10.4363 2018/6/15 12:15:46 
2.6390 2.6833 49.2170 1.1728 9.1612 2018/6/15 12:15:48 
2.6390 2.6686 49.2170 1.1728 9.1614 2018/6/15 12:15:49 
2.6390 2.6833 49.2170 1.1726 9.1622 2018/6/15 12:15:51 
2.6390 2.6882 39.4418 1.1726 8.2021 2018/6/15 12:15:53 
2.6390 2.6833 44.3294 1.1723 8.6966 2018/6/15 12:15:55 
2.6390 2.6686 39.4418 1.1723 8.2031 2018/6/15 12:15:57 
2.6390 2.7126 44.3294 1.1721 8.6973 2018/6/15 12:15:59 
2.6390 2.6784 54.1046 1.1719 9.6090 2018/6/15 12:16:0 
2.6390 2.6882 49.2170 1.1722 9.1637 2018/6/15 12:16:2 
2.6390 2.6686 29.6667 1.1724 7.1138 2018/6/15 12:16:4 
2.6390 2.6784 49.2170 1.1725 9.1624 2018/6/15 12:16:6 
2.6390 2.6784 49.2170 1.1725 9.1625 2018/6/15 12:16:8 
2.6390 2.6784 49.2170 1.1730 9.1607 2018/6/15 12:16:10 
2.6390 2.6979 44.3294 1.1733 8.6926 2018/6/15 12:16:11 
2.6390 2.6833 49.2170 1.1732 9.1599 2018/6/15 12:16:13 
2.6390 2.6931 54.1046 1.1736 9.6021 2018/6/15 12:16:15 
2.6390 2.6979 49.2170 1.1736 9.1583 2018/6/15 12:16:17 
2.6390 2.6882 39.4418 1.1735 8.1990 2018/6/15 12:16:19 
2.6390 2.6882 39.4418 1.1734 8.1993 2018/6/15 12:16:21 
2.6390 2.6931 34.5542 1.1736 7.6736 2018/6/15 12:16:22 
2.6390 2.6784 49.2170 1.1741 9.1564 2018/6/15 12:16:24 
2.6390 2.6882 58.9921 1.1746 10.0225 2018/6/15 12:16:26 
2.6390 2.7028 39.4418 1.1746 8.1950 2018/6/15 12:16:28 
2.6390 2.6784 54.1046 1.1746 9.5981 2018/6/15 12:16:30 
2.6390 2.6637 44.3294 1.1751 8.6862 2018/6/15 12:16:31 
2.6390 2.6931 34.5542 1.1755 7.6676 2018/6/15 12:16:33 
2.6390 2.6833 44.3294 1.1753 8.6855 2018/6/15 12:16:35 
2.6390 2.6833 58.9921 1.1755 10.0185 2018/6/15 12:16:37 
2.6390 2.6931 58.9921 1.1756 10.0181 2018/6/15 12:16:39 
2.6390 2.6637 29.6667 1.1754 7.1050 2018/6/15 12:16:41 
2.6390 2.6784 39.4418 1.1758 8.1909 2018/6/15 12:16:42 
2.6390 2.6931 29.6667 1.1760 7.1031 2018/6/15 12:16:44 
2.6390 2.6882 58.9921 1.1762 10.0153 2018/6/15 12:16:46 
2.6390 2.6979 63.8797 1.1765 10.4209 2018/6/15 12:16:48 
2.6390 2.6784 44.3294 1.1764 8.6812 2018/6/15 12:16:50 
2.6390 2.6833 54.1046 1.1767 9.5895 2018/6/15 12:16:52 
2.6390 2.6784 49.2170 1.1767 9.1462 2018/6/15 12:16:53 
2.6390 2.6882 39.4418 1.1772 8.1860 2018/6/15 12:16:55 
2.6390 2.6833 49.2170 1.1770 9.1451 2018/6/15 12:16:57 
2.6390 2.6833 44.3294 1.1770 8.6792 2018/6/15 12:16:59 
2.6390 2.6931 44.3294 1.1767 8.6801 2018/6/15 12:17:1 
2.6390 2.6882 54.1046 1.1765 9.5905 2018/6/15 12:17:3 
2.6390 2.6833 54.1046 1.1760 9.5923 2018/6/15 12:17:4 
2.6390 2.6784 58.9921 1.1760 10.0165 2018/6/15 12:17:6 
2.6390 2.6979 49.2170 1.1756 9.1506 2018/6/15 12:17:8 
2.6390 2.6784 58.9921 1.1756 10.0182 2018/6/15 12:17:10 
2.6390 2.6833 34.5542 1.1756 7.6672 2018/6/15 12:17:12 
2.6390 2.6882 58.9921 1.1756 10.0182 2018/6/15 12:17:14 
2.6390 2.6784 39.4418 1.1755 8.1917 2018/6/15 12:17:15 
2.6390 2.6882 58.9921 1.1756 10.0182 2018/6/15 12:17:17 
2.6390 2.7077 49.2170 1.1756 9.1506 2018/6/15 12:17:19 
2.6390 2.6735 63.8797 1.1756 10.4248 2018/6/15 12:17:21 
2.6390 2.6931 63.8797 1.1756 10.4248 2018/6/15 12:17:23 
2.6390 2.6735 54.1046 1.1756 9.5940 2018/6/15 12:17:25 
2.6390 2.6735 58.9921 1.1756 10.0180 2018/6/15 12:17:26 
2.6390 2.6637 49.2170 1.1756 9.1505 2018/6/15 12:17:28 
2.6390 2.6931 58.9921 1.1754 10.0190 2018/6/15 12:17:30 
2.6390 2.6735 44.3294 1.1754 8.6849 2018/6/15 12:17:32 
2.6390 2.6882 54.1046 1.1752 9.5958 2018/6/15 12:17:34 
2.6390 2.6833 44.3294 1.1751 8.6861 2018/6/15 12:17:36 
2.6390 2.6882 49.2170 1.1749 9.1531 2018/6/15 12:17:37 
2.6390 2.6931 54.1046 1.1751 9.5961 2018/6/15 12:17:39 
2.6390 2.6491 24.7791 1.1749 6.4947 2018/6/15 12:17:41 
2.6390 2.6393 5.2285 1.1753 2.9828 2018/6/15 12:17:43 
