2.6435 2.6442 -4.2508 1.1162 308.9625 nan 2018/6/25 13:56:11
2.6435 2.6393 -4.2508 1.1161 309.1500 nan 2018/6/25 13:56:13
2.6435 2.6442 -4.2508 1.1147 309.2750 nan 2018/6/25 13:56:15
2.6435 2.7175 59.2880 1.1153 309.4000 10.3112 2018/6/25 13:56:17
2.6435 2.7077 73.9508 1.1152 309.5250 11.5162 2018/6/25 13:56:19
2.6435 2.6833 78.8384 1.1143 309.6500 11.8954 2018/6/25 13:56:20
2.6435 2.7517 54.4004 1.1144 309.6500 9.8809 2018/6/25 13:56:22
2.6435 2.6833 88.6135 1.1144 309.6500 12.6110 2018/6/25 13:56:24
2.6435 2.7224 78.8384 1.1138 309.5875 11.8979 2018/6/25 13:56:26
2.6435 2.7028 64.1756 1.1344 309.1500 10.6370 2018/6/25 13:56:28
2.6435 2.7077 83.7259 1.1241 308.9000 12.2053 2018/6/25 13:56:30
2.6435 2.7028 34.8501 1.1221 309.1500 7.8812 2018/6/25 13:56:31
2.6435 2.6833 88.6135 1.1167 309.0875 12.5977 2018/6/25 13:56:33
2.6435 2.7077 59.2880 1.1150 309.2750 10.3124 2018/6/25 13:56:35
2.6435 2.7126 64.1756 1.1149 309.3375 10.7298 2018/6/25 13:56:37
2.6435 2.6784 78.8384 1.1156 309.3375 11.8886 2018/6/25 13:56:39
2.6435 2.7126 88.6135 1.1146 309.4000 12.6097 2018/6/25 13:56:40
2.6435 2.6833 73.9508 1.1145 309.3375 11.5196 2018/6/25 13:56:42
2.6435 2.7126 78.8384 1.1164 309.4000 11.8842 2018/6/25 13:56:44
2.6435 2.7126 78.8384 1.1159 309.4625 11.8868 2018/6/25 13:56:46
2.6435 2.6931 34.8501 1.1155 309.5250 7.9046 2018/6/25 13:56:48
2.6435 2.6931 59.2880 1.1160 309.5875 10.3076 2018/6/25 13:56:50
2.6435 2.7028 93.5011 1.1154 309.5875 12.9483 2018/6/25 13:56:51
2.6435 2.7175 34.8501 1.1152 309.5875 7.9056 2018/6/25 13:56:53
2.6435 2.6931 78.8384 1.1156 309.5875 11.8885 2018/6/25 13:56:55
2.6435 2.7224 73.9508 1.1155 309.6500 11.5145 2018/6/25 13:56:57
2.6435 2.7126 54.4004 1.1156 309.6500 9.8755 2018/6/25 13:56:59
2.6435 2.6784 44.6253 1.1159 309.5250 8.9430 2018/6/25 13:57:1
2.6435 2.6979 69.0632 1.1161 309.5250 11.1245 2018/6/25 13:57:2
2.6435 2.6979 78.8384 1.1164 309.3375 11.8844 2018/6/25 13:57:4
2.6435 2.7077 49.5129 1.1162 309.4000 9.4190 2018/6/25 13:57:6
2.6435 2.7273 93.5011 1.1165 309.3375 12.9419 2018/6/25 13:57:8
2.6435 2.7077 64.1756 1.1166 309.4000 10.7213 2018/6/25 13:57:10
2.6435 2.6735 34.8501 1.1162 309.4000 7.9021 2018/6/25 13:57:12
2.6435 2.6882 59.2880 1.1161 309.4000 10.3074 2018/6/25 13:57:13
2.6435 2.7273 34.8501 1.1157 309.4625 7.9038 2018/6/25 13:57:15
2.6435 2.6882 88.6135 1.1157 309.4625 12.6036 2018/6/25 13:57:17
2.6435 2.6784 54.4004 1.1156 309.5250 9.8757 2018/6/25 13:57:19
2.6435 2.7419 73.9508 1.1153 309.5250 11.5155 2018/6/25 13:57:21
2.6435 2.6931 78.8384 1.1156 309.5250 11.8885 2018/6/25 13:57:23
2.6435 2.7322 98.3887 1.1159 309.4000 13.2792 2018/6/25 13:57:24
2.6435 2.7322 108.1638 1.1159 309.4000 13.9233 2018/6/25 13:57:26
2.6435 2.7224 64.1756 1.1165 309.2750 10.7221 2018/6/25 13:57:28
2.6435 2.6637 83.7259 1.1163 309.2750 12.2477 2018/6/25 13:57:30
2.6435 2.7126 73.9508 1.1163 309.3375 11.5107 2018/6/25 13:57:32
2.6435 2.6979 73.9508 1.1162 309.4000 11.5109 2018/6/25 13:57:34
2.6435 2.7077 73.9508 1.1160 309.4000 11.5123 2018/6/25 13:57:35
2.6435 2.7224 69.0632 1.1166 309.2750 11.1221 2018/6/25 13:57:37
2.6435 2.7077 39.7377 1.1162 309.3375 8.4383 2018/6/25 13:57:39
2.6435 2.7615 64.1756 1.1160 309.2750 10.7243 2018/6/25 13:57:41
2.6435 2.7175 93.5011 1.1161 309.3375 12.9441 2018/6/25 13:57:43
2.6435 2.7224 64.1756 1.1162 309.2750 10.7235 2018/6/25 13:57:45
2.6435 2.7126 69.0632 1.1167 309.0875 11.1215 2018/6/25 13:57:46
2.6435 2.7077 54.4004 1.1168 309.1500 9.8703 2018/6/25 13:57:48
2.6435 2.6540 64.1756 1.1171 308.9625 10.7188 2018/6/25 13:57:50
2.6435 2.7028 39.7377 1.1176 308.9000 8.4329 2018/6/25 13:57:52
2.6435 2.6882 49.5129 1.1173 308.9625 9.4145 2018/6/25 13:57:54
2.6435 2.7077 54.4004 1.1165 309.1500 9.8716 2018/6/25 13:57:56
2.6435 2.6588 59.2880 1.1162 309.2125 10.3068 2018/6/25 13:57:57
2.6435 2.7077 73.9508 1.1160 309.3375 11.5119 2018/6/25 13:57:59
2.6435 2.7224 132.6017 1.1160 309.2750 15.4154 2018/6/25 13:58:1
2.6435 2.7028 49.5129 1.1157 309.4625 9.4210 2018/6/25 13:58:3
2.6435 2.7077 49.5129 1.1153 309.5250 9.4229 2018/6/25 13:58:5
2.6435 2.7077 93.5011 1.1151 309.5875 12.9499 2018/6/25 13:58:7
2.6435 2.7175 34.8501 1.1158 309.4625 7.9037 2018/6/25 13:58:8
2.6435 2.7126 73.9508 1.1157 309.4000 11.5137 2018/6/25 13:58:10
2.6435 2.6882 73.9508 1.1157 309.4625 11.5137 2018/6/25 13:58:12
2.6435 2.7468 69.0632 1.1155 309.4625 11.1277 2018/6/25 13:58:14
2.6435 2.7175 69.0632 1.1155 309.4625 11.1275 2018/6/25 13:58:16
2.6435 2.6979 49.5129 1.1160 309.4625 9.4196 2018/6/25 13:58:18
2.6435 2.6882 59.2880 1.1152 309.5250 10.3114 2018/6/25 13:58:19
2.6435 2.7273 93.5011 1.1155 309.5250 12.9474 2018/6/25 13:58:21
2.6435 2.7224 54.4004 1.1152 309.5875 9.8774 2018/6/25 13:58:23
2.6435 2.6979 98.3887 1.1151 309.5250 13.2840 2018/6/25 13:58:25
2.6435 2.7028 59.2880 1.1147 309.7125 10.3136 2018/6/25 13:58:27
2.6435 2.6882 49.5129 1.1150 309.6500 9.4241 2018/6/25 13:58:29
2.6435 2.7175 49.5129 1.1145 309.7125 9.4260 2018/6/25 13:58:30
2.6435 2.7224 34.8501 1.1147 309.7125 7.9076 2018/6/25 13:58:32
2.6435 2.6882 29.9625 1.1150 309.5875 7.3311 2018/6/25 13:58:34
2.6435 2.6833 69.0632 1.1152 309.5250 11.1291 2018/6/25 13:58:36
2.6435 2.7126 54.4004 1.1155 309.5250 9.8759 2018/6/25 13:58:38
2.6435 2.7077 108.1638 1.1151 309.5875 13.9286 2018/6/25 13:58:40
2.6435 2.7077 69.0632 1.1149 309.7125 11.1308 2018/6/25 13:58:41
2.6435 2.7322 64.1756 1.1147 309.7125 10.7304 2018/6/25 13:58:43
2.6435 2.6735 83.7259 1.1142 309.8375 12.2591 2018/6/25 13:58:45
2.6435 2.7322 44.6253 1.1144 309.8375 8.9491 2018/6/25 13:58:47
2.6435 2.6686 98.3887 1.1144 309.9000 13.2885 2018/6/25 13:58:49
2.6435 2.7419 83.7259 1.1140 310.0875 12.2602 2018/6/25 13:58:51
2.6435 2.7126 93.5011 1.1137 310.0250 12.9580 2018/6/25 13:58:52
2.6435 2.7077 88.6135 1.1136 310.0875 12.6153 2018/6/25 13:58:54
2.6435 2.7077 64.1756 1.1136 310.0875 10.7360 2018/6/25 13:58:56
2.6435 2.7224 78.8384 1.1137 310.1500 11.8985 2018/6/25 13:58:58
2.6435 2.6833 83.7259 1.1138 310.1500 12.2616 2018/6/25 13:59:0
2.6435 2.7273 49.5129 1.1136 310.1500 9.4299 2018/6/25 13:59:2
2.6435 2.7273 73.9508 1.1132 310.2125 11.5268 2018/6/25 13:59:3
2.6435 2.6979 54.4004 1.1134 310.2750 9.8852 2018/6/25 13:59:5
2.6435 2.6833 39.7377 1.1137 310.2750 8.4477 2018/6/25 13:59:7
2.6435 2.7322 49.5129 1.1137 310.2750 9.4296 2018/6/25 13:59:9
2.6435 2.7370 64.1756 1.1136 310.3375 10.7359 2018/6/25 13:59:11
2.6435 2.7028 78.8384 1.1135 310.3375 11.8999 2018/6/25 13:59:13
2.6435 2.6882 93.5011 1.1137 310.2750 12.9579 2018/6/25 13:59:14
2.6435 2.6882 34.8501 1.1136 310.2750 7.9116 2018/6/25 13:59:16
2.6435 2.7273 54.4004 1.1138 310.3375 9.8834 2018/6/25 13:59:18
2.6435 2.7126 20.1874 1.1133 310.3375 6.0221 2018/6/25 13:59:20
2.6435 2.7322 44.6253 1.1137 310.2750 8.9520 2018/6/25 13:59:22
2.6435 2.6931 44.6253 1.1139 310.2750 8.9512 2018/6/25 13:59:24
2.6435 2.6931 59.2880 1.1137 310.3375 10.3186 2018/6/25 13:59:25
2.6435 2.7224 54.4004 1.1142 310.3375 9.8820 2018/6/25 13:59:27
2.6435 2.7322 98.3887 1.1138 310.4000 13.2919 2018/6/25 13:59:29
2.6435 2.7273 54.4004 1.1136 310.5250 9.8845 2018/6/25 13:59:31
2.6435 2.7566 39.7377 1.1133 310.6500 8.4492 2018/6/25 13:59:33
2.6435 2.7028 54.4004 1.1131 310.7125 9.8867 2018/6/25 13:59:35
2.6435 2.7077 54.4004 1.1130 310.7750 9.8869 2018/6/25 13:59:36
2.6435 2.7322 73.9508 1.1125 310.9000 11.5300 2018/6/25 13:59:38
2.6435 2.6882 34.8501 1.1123 310.9625 7.9161 2018/6/25 13:59:40
2.6435 2.7175 39.7377 1.1123 311.0250 8.4529 2018/6/25 13:59:42
2.6435 2.7077 103.2763 1.1114 311.2125 13.6324 2018/6/25 13:59:44
2.6435 2.7419 49.5129 1.1112 311.3375 9.4401 2018/6/25 13:59:46
2.6435 2.7468 98.3887 1.1112 311.3375 13.3071 2018/6/25 13:59:47
2.6435 2.6784 88.6135 1.1113 311.3375 12.6286 2018/6/25 13:59:49
2.6435 2.6931 103.2763 1.1109 311.4000 13.6357 2018/6/25 13:59:51
2.6435 2.7224 64.1756 1.1112 311.4000 10.7473 2018/6/25 13:59:53
2.6435 2.7224 59.2880 1.1114 311.4000 10.3293 2018/6/25 13:59:55
2.6435 2.7126 83.7259 1.1112 311.4625 12.2760 2018/6/25 13:59:57
2.6435 2.6833 83.7259 1.1108 311.5875 12.2778 2018/6/25 13:59:58
2.6435 2.7273 64.1756 1.1110 311.5875 10.7486 2018/6/25 14:0:0
2.6435 2.7077 49.5129 1.1100 311.7125 9.4451 2018/6/25 14:0:2
2.6435 2.6882 88.6135 1.1100 311.7750 12.6360 2018/6/25 14:0:4
2.6435 2.7028 73.9508 1.1099 311.7750 11.5437 2018/6/25 14:0:6
2.6435 2.7664 64.1756 1.1103 311.7750 10.7520 2018/6/25 14:0:8
2.6435 2.7419 69.0632 1.1102 311.7750 11.1543 2018/6/25 14:0:9
2.6435 2.6588 98.3887 1.1098 311.8375 13.3155 2018/6/25 14:0:11
2.6435 2.7077 29.9625 1.1102 311.7750 7.3469 2018/6/25 14:0:13
2.6435 2.7468 29.9625 1.1104 311.7750 7.3461 2018/6/25 14:0:15
2.6435 2.6686 59.2880 1.1104 311.7125 10.3339 2018/6/25 14:0:17
2.6435 2.6784 83.7259 1.1103 311.7750 12.2810 2018/6/25 14:0:19
2.6435 2.7175 59.2880 1.1107 311.7125 10.3326 2018/6/25 14:0:20
2.6435 2.7077 64.1756 1.1106 311.7125 10.7502 2018/6/25 14:0:22
2.6435 2.7322 59.2880 1.1108 311.6500 10.3321 2018/6/25 14:0:24
2.6435 2.7028 93.5011 1.1105 311.7125 12.9767 2018/6/25 14:0:26
2.6435 2.7273 59.2880 1.1103 311.7125 10.3344 2018/6/25 14:0:28
2.6435 2.7126 54.4004 1.1106 311.7125 9.8976 2018/6/25 14:0:29
2.6435 2.7028 69.0632 1.1105 311.7750 11.1525 2018/6/25 14:0:31
2.6435 2.7468 122.8266 1.1106 311.7750 14.8727 2018/6/25 14:0:33
2.6435 2.6979 34.8501 1.1109 311.7125 7.9210 2018/6/25 14:0:35
2.6435 2.7077 29.9625 1.1108 311.7125 7.3450 2018/6/25 14:0:37
2.6435 2.6882 98.3887 1.1108 311.7750 13.3099 2018/6/25 14:0:39
2.6435 2.7224 88.6135 1.1110 311.7750 12.6301 2018/6/25 14:0:40
2.6435 2.7322 93.5011 1.1108 311.7750 12.9748 2018/6/25 14:0:42
2.6435 2.7224 93.5011 1.1108 311.7750 12.9747 2018/6/25 14:0:44
2.6435 2.6931 44.6253 1.1113 311.7750 8.9618 2018/6/25 14:0:46
2.6435 2.7077 88.6135 1.1107 311.8375 12.6317 2018/6/25 14:0:48
2.6435 2.6979 103.2763 1.1103 311.9000 13.6395 2018/6/25 14:0:50
2.6435 2.7175 54.4004 1.1106 311.9000 9.8978 2018/6/25 14:0:51
2.6435 2.6833 103.2763 1.1104 311.9625 13.6389 2018/6/25 14:0:53
2.6435 2.7322 78.8384 1.1104 312.0875 11.9166 2018/6/25 14:0:55
2.6435 2.6979 108.1638 1.1099 312.1500 13.9610 2018/6/25 14:0:57
2.6435 2.7322 83.7259 1.1096 312.2750 12.2845 2018/6/25 14:0:59
2.6435 2.7028 93.5011 1.1096 312.2750 12.9817 2018/6/25 14:1:1
2.6435 2.7322 98.3887 1.1093 312.4000 13.3185 2018/6/25 14:1:2
2.6435 2.7419 64.1756 1.1092 312.4000 10.7569 2018/6/25 14:1:4
2.6435 2.6931 59.2880 1.1092 312.4625 10.3392 2018/6/25 14:1:6
2.6435 2.7126 93.5011 1.1086 312.5250 12.9875 2018/6/25 14:1:8
2.6435 2.7175 103.2763 1.1089 312.6500 13.6481 2018/6/25 14:1:10
2.6435 2.7028 78.8384 1.1084 312.7125 11.9269 2018/6/25 14:1:12
2.6435 2.7419 78.8384 1.1087 312.7750 11.9255 2018/6/25 14:1:13
2.6435 2.7370 88.6135 1.1091 312.6500 12.6411 2018/6/25 14:1:15
2.6435 2.7615 64.1756 1.1091 312.7125 10.7577 2018/6/25 14:1:17
2.6435 2.7370 20.1874 1.1081 312.8375 6.0362 2018/6/25 14:1:19
2.6435 2.7322 88.6135 1.1074 312.9625 12.6507 2018/6/25 14:1:21
2.6435 2.6931 25.0750 1.1083 312.9625 6.7268 2018/6/25 14:1:23
2.6435 2.7322 78.8384 1.1072 313.0875 11.9335 2018/6/25 14:1:24
2.6435 2.7126 88.6135 1.1079 313.0875 12.6478 2018/6/25 14:1:26
2.6435 2.7370 64.1756 1.1072 313.1500 10.7670 2018/6/25 14:1:28
2.6435 2.7028 73.9508 1.1073 313.2125 11.5573 2018/6/25 14:1:30
2.6435 2.7273 108.1638 1.1077 313.1500 13.9746 2018/6/25 14:1:32
2.6435 2.7224 73.9508 1.1079 313.1500 11.5539 2018/6/25 14:1:34
2.6435 2.6979 49.5129 1.1084 313.2125 9.4522 2018/6/25 14:1:35
2.6435 2.7175 69.0632 1.1076 313.2750 11.1675 2018/6/25 14:1:37
2.6435 2.7175 103.2763 1.1069 313.3375 13.6601 2018/6/25 14:1:39
2.6435 2.6637 25.0750 1.1070 313.3375 6.7307 2018/6/25 14:1:41
2.6435 2.6931 73.9508 1.1069 313.3375 11.5593 2018/6/25 14:1:43
2.6435 2.7566 59.2880 1.1070 313.2125 10.3498 2018/6/25 14:1:45
2.6435 2.7224 88.6135 1.1064 313.3375 12.6561 2018/6/25 14:1:46
2.6435 2.7419 88.6135 1.1068 313.3375 12.6540 2018/6/25 14:1:48
2.6435 2.6882 29.9625 1.1062 313.4000 7.3600 2018/6/25 14:1:50
2.6435 2.7126 64.1756 1.1060 313.4000 10.7724 2018/6/25 14:1:52
2.6435 2.6833 69.0632 1.1064 313.4625 11.1734 2018/6/25 14:1:54
2.6435 2.7175 69.0632 1.1061 313.5250 11.1748 2018/6/25 14:1:56
2.6435 2.7273 78.8384 1.1062 313.4625 11.9392 2018/6/25 14:1:57
2.6435 2.7077 78.8384 1.1065 313.4625 11.9376 2018/6/25 14:1:59
2.6435 2.7077 69.0632 1.1063 313.3375 11.1737 2018/6/25 14:2:1
2.6435 2.7517 122.8266 1.1068 313.2750 14.8981 2018/6/25 14:2:3
2.6435 2.6931 88.6135 1.1063 313.4000 12.6569 2018/6/25 14:2:5
2.6435 2.7126 44.6253 1.1067 313.3375 8.9803 2018/6/25 14:2:7
2.6435 2.7224 78.8384 1.1068 313.2125 11.9358 2018/6/25 14:2:8
2.6435 2.7370 54.4004 1.1075 313.0250 9.9116 2018/6/25 14:2:10
2.6435 2.7126 39.7377 1.1078 312.9000 8.4700 2018/6/25 14:2:12
2.6435 2.7126 64.1756 1.1081 312.8375 10.7623 2018/6/25 14:2:14
2.6435 2.7322 29.9625 1.1089 312.5875 7.3513 2018/6/25 14:2:16
2.6435 2.7419 59.2880 1.1090 312.4625 10.3402 2018/6/25 14:2:18
2.6435 2.7028 83.7259 1.1090 312.5250 12.2879 2018/6/25 14:2:19
2.6435 2.7175 49.5129 1.1086 312.5250 9.4513 2018/6/25 14:2:21
2.6435 2.7419 78.8384 1.1086 312.5250 11.9259 2018/6/25 14:2:23
2.6435 2.7126 78.8384 1.1090 312.5250 11.9239 2018/6/25 14:2:25
2.6435 2.7077 78.8384 1.1095 312.4000 11.9213 2018/6/25 14:2:27
2.6435 2.7273 69.0632 1.1098 312.2125 11.1564 2018/6/25 14:2:29
2.6435 2.6833 73.9508 1.1104 312.0250 11.5410 2018/6/25 14:2:30
2.6435 2.6979 93.5011 1.1106 311.9625 12.9761 2018/6/25 14:2:32
2.6435 2.7370 49.5129 1.1109 311.8375 9.4413 2018/6/25 14:2:34
2.6435 2.6735 108.1638 1.1119 311.5875 13.9484 2018/6/25 14:2:36
2.6435 2.7273 78.8384 1.1120 311.4625 11.9076 2018/6/25 14:2:38
2.6435 2.6931 64.1756 1.1125 311.3375 10.7413 2018/6/25 14:2:40
2.6435 2.7126 64.1756 1.1126 311.2125 10.7408 2018/6/25 14:2:41
2.6435 2.6784 54.4004 1.1132 311.0250 9.8863 2018/6/25 14:2:43
2.6435 2.7273 103.2763 1.1140 310.7125 13.6168 2018/6/25 14:2:45
2.6435 2.7370 69.0632 1.1143 310.6500 11.1338 2018/6/25 14:2:47
2.6435 2.7126 59.2880 1.1145 310.6500 10.3146 2018/6/25 14:2:49
2.6435 2.7077 39.7377 1.1145 310.5875 8.4444 2018/6/25 14:2:51
2.6435 2.7273 64.1756 1.1145 310.6500 10.7316 2018/6/25 14:2:52
2.6435 2.6931 64.1756 1.1147 310.6500 10.7306 2018/6/25 14:2:54
2.6435 2.6979 78.8384 1.1141 310.7125 11.8965 2018/6/25 14:2:56
2.6435 2.7224 73.9508 1.1142 310.6500 11.5215 2018/6/25 14:2:58
2.6435 2.7224 49.5129 1.1144 310.7125 9.4268 2018/6/25 14:3:0
2.6435 2.7028 59.2880 1.1141 310.7125 10.3165 2018/6/25 14:3:2
2.6435 2.6540 39.7377 1.1143 310.6500 8.4451 2018/6/25 14:3:3
2.6435 2.7175 64.1756 1.1151 310.5250 10.7284 2018/6/25 14:3:5
2.6435 2.7126 64.1756 1.1152 310.4625 10.7283 2018/6/25 14:3:7
2.6435 2.7077 49.5129 1.1153 310.3375 9.4228 2018/6/25 14:3:9
2.6435 2.7322 88.6135 1.1151 310.4625 12.6070 2018/6/25 14:3:11
2.6435 2.6833 54.4004 1.1147 310.5250 9.8794 2018/6/25 14:3:13
2.6435 2.7224 93.5011 1.1147 310.5875 12.9524 2018/6/25 14:3:14
2.6435 2.6833 29.9625 1.1151 310.5250 7.3308 2018/6/25 14:3:16
2.6435 2.6979 49.5129 1.1156 310.2750 9.4215 2018/6/25 14:3:18
2.6435 2.6979 93.5011 1.1159 310.2125 12.9452 2018/6/25 14:3:20
2.6435 2.7175 54.4004 1.1158 310.2125 9.8747 2018/6/25 14:3:22
2.6435 2.7322 73.9508 1.1160 310.2125 11.5118 2018/6/25 14:3:24
2.6435 2.7077 93.5011 1.1155 310.3375 12.9476 2018/6/25 14:3:25
2.6435 2.7224 73.9508 1.1163 310.1500 11.5105 2018/6/25 14:3:27
2.6435 2.6931 73.9508 1.1162 310.1500 11.5109 2018/6/25 14:3:29
2.6435 2.7468 59.2880 1.1161 310.2125 10.3073 2018/6/25 14:3:31
2.6435 2.7224 49.5129 1.1159 310.2750 9.4204 2018/6/25 14:3:33
2.6435 2.7077 49.5129 1.1158 310.2750 9.4205 2018/6/25 14:3:35
2.6435 2.7273 83.7259 1.1154 310.4000 12.2526 2018/6/25 14:3:36
2.6435 2.7126 34.8501 1.1150 310.4625 7.9064 2018/6/25 14:3:38
2.6435 2.7273 29.9625 1.1150 310.4625 7.3312 2018/6/25 14:3:40
2.6435 2.6735 69.0632 1.1151 310.5875 11.1299 2018/6/25 14:3:42
2.6435 2.7370 98.3887 1.1147 310.7125 13.2866 2018/6/25 14:3:44
2.6435 2.6735 49.5129 1.1141 310.7750 9.4276 2018/6/25 14:3:46
2.6435 2.7370 64.1756 1.1137 310.9000 10.7352 2018/6/25 14:3:47
2.6435 2.6882 25.0750 1.1133 311.0875 6.7115 2018/6/25 14:3:49
2.6435 2.7468 49.5129 1.1135 311.0875 9.4306 2018/6/25 14:3:51
2.6435 2.7224 64.1756 1.1131 311.2125 10.7382 2018/6/25 14:3:53
2.6435 2.7077 54.4004 1.1127 311.2750 9.8884 2018/6/25 14:3:55
2.6435 2.7224 44.6253 1.1124 311.4000 8.9572 2018/6/25 14:3:57
2.6435 2.7175 59.2880 1.1124 311.3375 10.3243 2018/6/25 14:3:58
2.6435 2.7028 64.1756 1.1122 311.4625 10.7424 2018/6/25 14:4:0
2.6435 2.7273 39.7377 1.1121 311.5875 8.4535 2018/6/25 14:4:2
2.6435 2.6882 83.7259 1.1116 311.6500 12.2736 2018/6/25 14:4:4
2.6435 2.7370 93.5011 1.1117 311.6500 12.9695 2018/6/25 14:4:6
2.6435 2.6882 44.6253 1.1118 311.5875 8.9597 2018/6/25 14:4:8
2.6435 2.6882 59.2880 1.1115 311.5875 10.3287 2018/6/25 14:4:9
2.6435 2.7224 78.8384 1.1116 311.6500 11.9100 2018/6/25 14:4:11
2.6435 2.6979 59.2880 1.1118 311.5875 10.3275 2018/6/25 14:4:13
2.6435 2.6979 64.1756 1.1118 311.5875 10.7445 2018/6/25 14:4:15
2.6435 2.7126 39.7377 1.1117 311.5875 8.4552 2018/6/25 14:4:17
2.6435 2.6882 93.5011 1.1118 311.5875 12.9690 2018/6/25 14:4:19
2.6435 2.7224 34.8501 1.1120 311.4625 7.9172 2018/6/25 14:4:20
2.6435 2.6833 49.5129 1.1124 311.4625 9.4350 2018/6/25 14:4:22
2.6435 2.7028 44.6253 1.1131 311.2125 8.9544 2018/6/25 14:4:24
2.6435 2.7175 64.1756 1.1136 311.0250 10.7360 2018/6/25 14:4:26
2.6435 2.7126 25.0750 1.1151 310.5875 6.7061 2018/6/25 14:4:28
2.6435 2.7468 73.9508 1.1149 310.5875 11.5175 2018/6/25 14:4:30
2.6435 2.6979 69.0632 1.1147 310.6500 11.1315 2018/6/25 14:4:31
2.6435 2.7224 69.0632 1.1146 310.7125 11.1323 2018/6/25 14:4:33
2.6435 2.7126 64.1756 1.1145 310.6500 10.7315 2018/6/25 14:4:35
2.6435 2.7517 49.5129 1.1146 310.7125 9.4257 2018/6/25 14:4:37
2.6435 2.7273 39.7377 1.1146 310.7125 8.4442 2018/6/25 14:4:39
2.6435 2.6833 73.9508 1.1151 310.5875 11.5169 2018/6/25 14:4:41
2.6435 2.6784 25.0750 1.1152 310.5250 6.7059 2018/6/25 14:4:42
2.6435 2.7077 78.8384 1.1149 310.6500 11.8923 2018/6/25 14:4:44
2.6435 2.7028 25.0750 1.1145 310.7750 6.7081 2018/6/25 14:4:46
2.6435 2.7370 69.0632 1.1145 310.8375 11.1327 2018/6/25 14:4:48
2.6435 2.7224 73.9508 1.1144 310.8375 11.5203 2018/6/25 14:4:50
2.6435 2.7077 54.4004 1.1143 310.8375 9.8813 2018/6/25 14:4:51
2.6435 2.6784 59.2880 1.1144 310.8375 10.3153 2018/6/25 14:4:53
2.6435 2.7175 103.2763 1.1141 310.9625 13.6159 2018/6/25 14:4:55
2.6435 2.6979 93.5011 1.1137 311.0250 12.9583 2018/6/25 14:4:57
2.6435 2.6979 73.9508 1.1136 311.0875 11.5247 2018/6/25 14:4:59
2.6435 2.7028 59.2880 1.1129 311.2750 10.3221 2018/6/25 14:5:1
2.6435 2.7370 49.5129 1.1128 311.2750 9.4335 2018/6/25 14:5:2
2.6435 2.7224 59.2880 1.1129 311.3375 10.3223 2018/6/25 14:5:4
2.6435 2.7028 10.4120 1.1134 311.2125 4.3247 2018/6/25 14:5:6
2.6435 2.7175 25.0750 1.1133 311.2125 6.7116 2018/6/25 14:5:8
2.6435 2.6784 83.7259 1.1134 311.2125 12.2638 2018/6/25 14:5:10
2.6435 2.7322 64.1756 1.1130 311.2750 10.7387 2018/6/25 14:5:12
2.6435 2.7077 49.5129 1.1129 311.2750 9.4330 2018/6/25 14:5:13
2.6435 2.7468 64.1756 1.1125 311.4000 10.7412 2018/6/25 14:5:15
2.6435 2.7273 39.7377 1.1125 311.4625 8.4521 2018/6/25 14:5:17
2.6435 2.7322 93.5011 1.1122 311.5875 12.9670 2018/6/25 14:5:19
2.6435 2.6979 83.7259 1.1119 311.7125 12.2720 2018/6/25 14:5:21
2.6435 2.7028 54.4004 1.1118 311.7125 9.8925 2018/6/25 14:5:23
2.6435 2.7077 64.1756 1.1116 311.7750 10.7455 2018/6/25 14:5:24
2.6435 2.7175 83.7259 1.1118 311.7125 12.2724 2018/6/25 14:5:26
2.6435 2.7322 34.8501 1.1123 311.5875 7.9162 2018/6/25 14:5:28
2.6435 2.6784 88.6135 1.1121 311.7125 12.6237 2018/6/25 14:5:30
2.6435 2.7175 29.9625 1.1132 311.3375 7.3369 2018/6/25 14:5:32
2.6435 2.7126 73.9508 1.1135 311.1500 11.5249 2018/6/25 14:5:34
2.6435 2.6784 29.9625 1.1136 311.2750 7.3356 2018/6/25 14:5:35
2.6435 2.6540 59.2880 1.1136 311.2125 10.3188 2018/6/25 14:5:37
2.6435 2.7028 44.6253 1.1142 310.9625 8.9499 2018/6/25 14:5:39
2.6435 2.6784 39.7377 1.1148 310.7750 8.4435 2018/6/25 14:5:41
2.6435 2.7028 93.5011 1.1153 310.7750 12.9488 2018/6/25 14:5:43
2.6435 2.6686 83.7259 1.1149 310.7750 12.2552 2018/6/25 14:5:45
2.6435 2.7468 98.3887 1.1158 310.5250 13.2799 2018/6/25 14:5:46
2.6435 2.6979 69.0632 1.1159 310.5250 11.1256 2018/6/25 14:5:48
2.6435 2.6979 93.5011 1.1157 310.5875 12.9464 2018/6/25 14:5:50
2.6435 2.6833 73.9508 1.1156 310.5875 11.5140 2018/6/25 14:5:52
2.6435 2.7175 49.5129 1.1155 310.6500 9.4218 2018/6/25 14:5:54
2.6435 2.7322 69.0632 1.1152 310.7750 11.1292 2018/6/25 14:5:56
2.6435 2.7370 98.3887 1.1150 310.8375 13.2847 2018/6/25 14:5:57
2.6435 2.6931 69.0632 1.1150 310.9000 11.1300 2018/6/25 14:5:59
2.6435 2.7175 64.1756 1.1146 310.9625 10.7309 2018/6/25 14:6:1
2.6435 2.7028 78.8384 1.1144 311.0250 11.8952 2018/6/25 14:6:3
2.6435 2.6735 34.8501 1.1144 311.0250 7.9085 2018/6/25 14:6:5
2.6435 2.7370 69.0632 1.1143 311.0875 11.1338 2018/6/25 14:6:7
2.6435 2.7322 54.4004 1.1138 311.1500 9.8837 2018/6/25 14:6:8
2.6435 2.6784 59.2880 1.1138 311.2125 10.3178 2018/6/25 14:6:10
2.6435 2.6931 59.2880 1.1132 311.3375 10.3206 2018/6/25 14:6:12
2.6435 2.6833 34.8501 1.1132 311.3375 7.9129 2018/6/25 14:6:14
2.6435 2.7370 34.8501 1.1129 311.4625 7.9139 2018/6/25 14:6:16
2.6435 2.7028 64.1756 1.1130 311.4625 10.7389 2018/6/25 14:6:18
2.6435 2.7175 49.5129 1.1129 311.5250 9.4331 2018/6/25 14:6:19
2.6435 2.6882 34.8501 1.1130 311.5250 7.9137 2018/6/25 14:6:21
2.6435 2.7077 64.1756 1.1123 311.6500 10.7419 2018/6/25 14:6:23
2.6435 2.7224 64.1756 1.1124 311.7125 10.7415 2018/6/25 14:6:25
2.6435 2.7028 54.4004 1.1123 311.7125 9.8900 2018/6/25 14:6:27
2.6435 2.7370 73.9508 1.1127 311.7125 11.5289 2018/6/25 14:6:29
2.6435 2.7370 54.4004 1.1126 311.7125 9.8887 2018/6/25 14:6:30
2.6435 2.7419 34.8501 1.1132 311.5875 7.9128 2018/6/25 14:6:32
2.6435 2.6637 54.4004 1.1126 311.7125 9.8889 2018/6/25 14:6:34
2.6435 2.6784 49.5129 1.1123 311.7750 9.4354 2018/6/25 14:6:36
2.6435 2.7028 44.6253 1.1124 311.7125 8.9571 2018/6/25 14:6:38
2.6435 2.7273 34.8501 1.1123 311.7125 7.9161 2018/6/25 14:6:40
2.6435 2.7322 54.4004 1.1124 311.7125 9.8899 2018/6/25 14:6:41
2.6435 2.7028 98.3887 1.1125 311.7125 13.2996 2018/6/25 14:6:43
2.6435 2.7175 44.6253 1.1125 311.7750 8.9571 2018/6/25 14:6:45
2.6435 2.6931 73.9508 1.1122 311.7750 11.5315 2018/6/25 14:6:47
2.6435 2.7322 73.9508 1.1124 311.7125 11.5309 2018/6/25 14:6:49
2.6435 2.6931 34.8501 1.1128 311.5875 7.9141 2018/6/25 14:6:51
2.6435 2.7175 69.0632 1.1128 311.6500 11.1412 2018/6/25 14:6:52
2.6435 2.7370 93.5011 1.1131 311.4625 12.9613 2018/6/25 14:6:54
2.6435 2.7273 49.5129 1.1138 311.2750 9.4290 2018/6/25 14:6:56
2.6435 2.6979 69.0632 1.1140 311.2125 11.1351 2018/6/25 14:6:58
2.6435 2.6735 15.2998 1.1141 311.2750 5.2408 2018/6/25 14:7:0
2.6435 2.7126 83.7259 1.1138 311.3375 12.2613 2018/6/25 14:7:2
2.6435 2.6882 103.2763 1.1135 311.3375 13.6198 2018/6/25 14:7:3
2.6435 2.6686 88.6135 1.1134 311.3375 12.6166 2018/6/25 14:7:5
2.6435 2.6833 69.0632 1.1134 311.4000 11.1380 2018/6/25 14:7:7
2.6435 2.7224 83.7259 1.1132 311.4625 12.2649 2018/6/25 14:7:9
2.6435 2.6979 64.1756 1.1133 311.5250 10.7372 2018/6/25 14:7:11
2.6435 2.6931 73.9508 1.1139 311.4000 11.5228 2018/6/25 14:7:13
2.6435 2.7322 49.5129 1.1142 311.2125 9.4275 2018/6/25 14:7:14
2.6435 2.7273 83.7259 1.1146 311.0875 12.2571 2018/6/25 14:7:16
2.6435 2.7077 44.6253 1.1153 310.9625 8.9457 2018/6/25 14:7:18
2.6435 2.6979 54.4004 1.1150 310.9625 9.8782 2018/6/25 14:7:20
2.6435 2.6882 73.9508 1.1158 310.8375 11.5131 2018/6/25 14:7:22
2.6435 2.7175 49.5129 1.1160 310.7125 9.4198 2018/6/25 14:7:24
2.6435 2.7077 34.8501 1.1159 310.7125 7.9033 2018/6/25 14:7:25
2.6435 2.7370 44.6253 1.1159 310.7125 8.9431 2018/6/25 14:7:27
2.6435 2.6735 29.9625 1.1168 310.4625 7.3251 2018/6/25 14:7:29
2.6435 2.7126 59.2880 1.1177 310.2125 10.3001 2018/6/25 14:7:31
2.6435 2.7224 78.8384 1.1179 310.1500 11.8765 2018/6/25 14:7:33
2.6435 2.7028 88.6135 1.1187 309.9000 12.5864 2018/6/25 14:7:35
2.6435 2.6882 78.8384 1.1185 309.8375 11.8733 2018/6/25 14:7:36
2.6435 2.7273 25.0750 1.1188 309.8375 6.6950 2018/6/25 14:7:38
2.6435 2.6588 83.7259 1.1190 309.8375 12.2327 2018/6/25 14:7:40
2.6435 2.7077 108.1638 1.1187 309.9000 13.9058 2018/6/25 14:7:42
2.6435 2.7175 69.0632 1.1190 309.9625 11.1101 2018/6/25 14:7:44
2.6435 2.6931 44.6253 1.1191 309.7750 8.9303 2018/6/25 14:7:46
2.6435 2.6784 69.0632 1.1189 309.7750 11.1106 2018/6/25 14:7:47
2.6435 2.7370 59.2880 1.1189 309.8375 10.2946 2018/6/25 14:7:49
2.6435 2.7126 49.5129 1.1190 309.8375 9.4071 2018/6/25 14:7:51
2.6435 2.7517 64.1756 1.1188 309.9000 10.7109 2018/6/25 14:7:53
2.6435 2.6784 78.8384 1.1185 309.9625 11.8729 2018/6/25 14:7:55
2.6435 2.6833 73.9508 1.1184 310.0875 11.4999 2018/6/25 14:7:57
2.6435 2.7126 64.1756 1.1182 310.0875 10.7138 2018/6/25 14:7:58
2.6435 2.7028 83.7259 1.1190 309.8375 12.2328 2018/6/25 14:8:0
2.6435 2.7126 73.9508 1.1196 309.8375 11.4934 2018/6/25 14:8:2
2.6435 2.6735 34.8501 1.1192 309.7750 7.8916 2018/6/25 14:8:4
2.6435 2.7028 64.1756 1.1196 309.7125 10.7070 2018/6/25 14:8:6
2.6435 2.6931 39.7377 1.1194 309.7750 8.4262 2018/6/25 14:8:8
2.6435 2.6979 59.2880 1.1190 309.9000 10.2941 2018/6/25 14:8:9
2.6435 2.7322 69.0632 1.1187 309.9625 11.1119 2018/6/25 14:8:11
2.6435 2.7175 15.2998 1.1186 310.0875 5.2303 2018/6/25 14:8:13
2.6435 2.7077 78.8384 1.1184 310.0875 11.8734 2018/6/25 14:8:15
2.6435 2.7126 39.7377 1.1182 310.2125 8.4305 2018/6/25 14:8:17
2.6435 2.7224 69.0632 1.1182 310.2125 11.1143 2018/6/25 14:8:19
2.6435 2.6686 49.5129 1.1183 310.0875 9.4101 2018/6/25 14:8:20
2.6435 2.6882 34.8501 1.1189 309.9625 7.8928 2018/6/25 14:8:22
2.6435 2.6979 44.6253 1.1185 310.0875 8.9330 2018/6/25 14:8:24
2.6435 2.6979 54.4004 1.1182 310.2125 9.8640 2018/6/25 14:8:26
2.6435 2.7273 73.9508 1.1181 310.2750 11.5015 2018/6/25 14:8:28
2.6435 2.6931 15.2998 1.1181 310.2750 5.2315 2018/6/25 14:8:30
2.6435 2.6882 93.5011 1.1184 310.1500 12.9305 2018/6/25 14:8:31
2.6435 2.6979 25.0750 1.1184 310.1500 6.6963 2018/6/25 14:8:33
2.6435 2.6784 73.9508 1.1188 310.0875 11.4975 2018/6/25 14:8:35
2.6435 2.7028 83.7259 1.1195 309.9000 12.2304 2018/6/25 14:8:37
2.6435 2.6833 64.1756 1.1192 309.9625 10.7087 2018/6/25 14:8:39
2.6435 2.6735 64.1756 1.1191 309.9625 10.7096 2018/6/25 14:8:40
2.6435 2.7322 88.6135 1.1192 309.9625 12.5839 2018/6/25 14:8:42
2.6435 2.7322 78.8384 1.1191 309.9625 11.8697 2018/6/25 14:8:44
2.6435 2.7077 73.9508 1.1192 309.9625 11.4957 2018/6/25 14:8:46
2.6435 2.6979 44.6253 1.1191 310.0250 8.9304 2018/6/25 14:8:48
2.6435 2.6833 69.0632 1.1191 310.0250 11.1098 2018/6/25 14:8:50
2.6435 2.6686 78.8384 1.1191 309.9625 11.8699 2018/6/25 14:8:51
2.6435 2.6833 69.0632 1.1190 310.0250 11.1103 2018/6/25 14:8:53
2.6435 2.6686 39.7377 1.1188 310.0875 8.4285 2018/6/25 14:8:55
2.6435 2.7370 64.1756 1.1191 310.0250 10.7094 2018/6/25 14:8:57
2.6435 2.6979 25.0750 1.1186 310.0875 6.6957 2018/6/25 14:8:59
2.6435 2.6784 54.4004 1.1188 310.0875 9.8614 2018/6/25 14:9:1
2.6435 2.7077 64.1756 1.1185 310.2125 10.7121 2018/6/25 14:9:2
2.6435 2.6588 25.0750 1.1182 310.2750 6.6968 2018/6/25 14:9:4
2.6435 2.6784 34.8501 1.1181 310.3375 7.8955 2018/6/25 14:9:6
2.6435 2.7370 64.1756 1.1182 310.3375 10.7136 2018/6/25 14:9:8
2.6435 2.7028 59.2880 1.1176 310.4625 10.3006 2018/6/25 14:9:10
2.6435 2.7126 88.6135 1.1172 310.5875 12.5953 2018/6/25 14:9:12
2.6435 2.7224 34.8501 1.1171 310.5875 7.8990 2018/6/25 14:9:13
2.6435 2.6882 108.1638 1.1181 310.4000 13.9096 2018/6/25 14:9:15
2.6435 2.7077 64.1756 1.1177 310.5250 10.7161 2018/6/25 14:9:17
2.6435 2.7028 64.1756 1.1173 310.5875 10.7179 2018/6/25 14:9:19
2.6435 2.7370 69.0632 1.1173 310.6500 11.1189 2018/6/25 14:9:21
2.6435 2.7028 44.6253 1.1169 310.6500 8.9390 2018/6/25 14:9:23
2.6435 2.7175 59.2880 1.1176 310.5250 10.3003 2018/6/25 14:9:24
2.6435 2.7028 117.9390 1.1174 310.5250 14.5294 2018/6/25 14:9:26
2.6435 2.6784 49.5129 1.1173 310.5875 9.4141 2018/6/25 14:9:28
2.6435 2.6882 93.5011 1.1175 310.5250 12.9359 2018/6/25 14:9:30
2.6435 2.7175 88.6135 1.1171 310.5875 12.5954 2018/6/25 14:9:32
2.6435 2.7419 54.4004 1.1171 310.5875 9.8689 2018/6/25 14:9:34
2.6435 2.7175 44.6253 1.1172 310.6500 8.9380 2018/6/25 14:9:35
2.6435 2.6784 29.9625 1.1171 310.6500 7.3241 2018/6/25 14:9:37
2.6435 2.7468 88.6135 1.1167 310.7750 12.5977 2018/6/25 14:9:39
2.6435 2.7175 49.5129 1.1165 310.8375 9.4177 2018/6/25 14:9:41
2.6435 2.7370 103.2763 1.1163 310.9000 13.6027 2018/6/25 14:9:43
2.6435 2.6882 59.2880 1.1164 310.9000 10.3060 2018/6/25 14:9:45
2.6435 2.7224 78.8384 1.1161 311.0250 11.8861 2018/6/25 14:9:46
2.6435 2.6882 54.4004 1.1161 311.0250 9.8732 2018/6/25 14:9:48
2.6435 2.7028 69.0632 1.1161 311.0250 11.1249 2018/6/25 14:9:50
2.6435 2.7322 54.4004 1.1160 311.0250 9.8738 2018/6/25 14:9:52
2.6435 2.7224 34.8501 1.1158 311.0875 7.9034 2018/6/25 14:9:54
2.6435 2.7273 83.7259 1.1161 311.0250 12.2488 2018/6/25 14:9:56
2.6435 2.7077 39.7377 1.1165 310.9000 8.4370 2018/6/25 14:9:57
2.6435 2.6931 83.7259 1.1174 310.6500 12.2419 2018/6/25 14:9:59
2.6435 2.6882 88.6135 1.1173 310.6500 12.5944 2018/6/25 14:10:1
2.6435 2.7028 83.7259 1.1178 310.5250 12.2397 2018/6/25 14:10:3
2.6435 2.7224 64.1756 1.1184 310.2750 10.7128 2018/6/25 14:10:5
2.6435 2.7615 59.2880 1.1186 310.2750 10.2960 2018/6/25 14:10:7
2.6435 2.6882 69.0632 1.1180 310.4000 11.1151 2018/6/25 14:10:8
2.6435 2.7273 88.6135 1.1182 310.4000 12.5896 2018/6/25 14:10:10
2.6435 2.7028 88.6135 1.1180 310.4625 12.5904 2018/6/25 14:10:12
2.6435 2.7077 103.2763 1.1179 310.5250 13.5932 2018/6/25 14:10:14
2.6435 2.6882 73.9508 1.1178 310.5875 11.5030 2018/6/25 14:10:16
2.6435 2.7126 64.1756 1.1177 310.6500 10.7163 2018/6/25 14:10:18
2.6435 2.7126 54.4004 1.1171 310.7750 9.8689 2018/6/25 14:10:19
2.6435 2.7419 54.4004 1.1173 310.7125 9.8681 2018/6/25 14:10:21
2.6435 2.7273 49.5129 1.1182 310.4625 9.4107 2018/6/25 14:10:23
2.6435 2.7370 49.5129 1.1189 310.2750 9.4077 2018/6/25 14:10:25
2.6435 2.6833 83.7259 1.1183 310.3375 12.2365 2018/6/25 14:10:27
2.6435 2.6882 88.6135 1.1182 310.3375 12.5893 2018/6/25 14:10:29
2.6435 2.7077 34.8501 1.1189 310.2125 7.8925 2018/6/25 14:10:30
2.6435 2.7224 83.7259 1.1185 310.3375 12.2358 2018/6/25 14:10:32
2.6435 2.7077 78.8384 1.1183 310.4000 11.8743 2018/6/25 14:10:34
2.6435 2.7370 98.3887 1.1179 310.4625 13.2676 2018/6/25 14:10:36
2.6435 2.7370 83.7259 1.1189 310.2750 12.2335 2018/6/25 14:10:38
2.6435 2.7028 59.2880 1.1185 310.2750 10.2962 2018/6/25 14:10:40
2.6435 2.7028 49.5129 1.1188 310.2750 9.4080 2018/6/25 14:10:41
2.6435 2.7468 64.1756 1.1195 310.0250 10.7077 2018/6/25 14:10:43
2.6435 2.7273 73.9508 1.1198 309.9625 11.4925 2018/6/25 14:10:45
2.6435 2.7175 54.4004 1.1199 309.9000 9.8566 2018/6/25 14:10:47
2.6435 2.7224 64.1756 1.1200 309.9000 10.7051 2018/6/25 14:10:49
2.6435 2.7028 64.1756 1.1197 309.9625 10.7064 2018/6/25 14:10:51
2.6435 2.7322 103.2763 1.1198 309.9625 13.5813 2018/6/25 14:10:52
2.6435 2.7273 88.6135 1.1197 309.9625 12.5809 2018/6/25 14:10:54
2.6435 2.6882 39.7377 1.1196 309.9625 8.4252 2018/6/25 14:10:56
2.6435 2.6931 54.4004 1.1196 310.0250 9.8581 2018/6/25 14:10:58
2.6435 2.6686 49.5129 1.1195 310.0250 9.4051 2018/6/25 14:11:0
2.6435 2.6784 88.6135 1.1193 310.0875 12.5830 2018/6/25 14:11:2
2.6435 2.7419 83.7259 1.1194 310.0875 12.2306 2018/6/25 14:11:3
2.6435 2.7126 54.4004 1.1192 310.1500 9.8597 2018/6/25 14:11:5
2.6435 2.7273 39.7377 1.1193 310.1500 8.4264 2018/6/25 14:11:7
2.6435 2.7126 54.4004 1.1204 309.7750 9.8543 2018/6/25 14:11:9
2.6435 2.7175 69.0632 1.1207 309.7125 11.1018 2018/6/25 14:11:11
2.6435 2.6882 44.6253 1.1213 309.5250 8.9214 2018/6/25 14:11:13
2.6435 2.6931 54.4004 1.1220 309.3375 9.8474 2018/6/25 14:11:14
2.6435 2.6882 54.4004 1.1219 309.3375 9.8476 2018/6/25 14:11:16
2.6435 2.7028 39.7377 1.1215 309.4625 8.4181 2018/6/25 14:11:18
2.6435 2.6979 88.6135 1.1218 309.4000 12.5692 2018/6/25 14:11:20
2.6435 2.7126 64.1756 1.1220 309.3375 10.6957 2018/6/25 14:11:22
2.6435 2.6931 69.0632 1.1220 309.2750 11.0956 2018/6/25 14:11:24
2.6435 2.6784 73.9508 1.1227 309.1500 11.4777 2018/6/25 14:11:25
2.6435 2.7322 54.4004 1.1220 309.2750 9.8473 2018/6/25 14:11:27
2.6435 2.6979 49.5129 1.1214 309.4000 9.3971 2018/6/25 14:11:29
2.6435 2.6882 88.6135 1.1215 309.4625 12.5711 2018/6/25 14:11:31
2.6435 2.7175 54.4004 1.1209 309.6500 9.8521 2018/6/25 14:11:33
2.6435 2.7273 29.9625 1.1207 309.7750 7.3124 2018/6/25 14:11:35
2.6435 2.7077 44.6253 1.1199 309.9000 8.9271 2018/6/25 14:11:36
2.6435 2.7077 34.8501 1.1204 309.9000 7.8875 2018/6/25 14:11:38
2.6435 2.7322 49.5129 1.1204 309.8375 9.4011 2018/6/25 14:11:40
2.6435 2.7322 29.9625 1.1204 309.8375 7.3134 2018/6/25 14:11:42
2.6435 2.7322 88.6135 1.1202 309.9000 12.5781 2018/6/25 14:11:44
2.6435 2.7077 108.1638 1.1199 310.0250 13.8984 2018/6/25 14:11:46
2.6435 2.6882 83.7259 1.1199 310.0250 12.2280 2018/6/25 14:11:47
2.6435 2.7175 44.6253 1.1196 310.0875 8.9286 2018/6/25 14:11:49
2.6435 2.7224 78.8384 1.1200 310.0250 11.8652 2018/6/25 14:11:51
2.6435 2.7028 64.1756 1.1197 310.0875 10.7068 2018/6/25 14:11:53
2.6435 2.7224 54.4004 1.1193 310.2125 9.8594 2018/6/25 14:11:55
2.6435 2.7273 64.1756 1.1190 310.4000 10.7101 2018/6/25 14:11:57
2.6435 2.7322 73.9508 1.1184 310.5250 11.4996 2018/6/25 14:11:58
2.6435 2.7126 54.4004 1.1179 310.6500 9.8656 2018/6/25 14:12:0
2.6435 2.6882 64.1756 1.1179 310.7125 10.7153 2018/6/25 14:12:2
2.6435 2.7028 54.4004 1.1176 310.7750 9.8666 2018/6/25 14:12:4
2.6435 2.7028 44.6253 1.1179 310.7125 8.9353 2018/6/25 14:12:6
2.6435 2.7028 78.8384 1.1176 310.8375 11.8781 2018/6/25 14:12:8
2.6435 2.6931 34.8501 1.1174 310.9000 7.8979 2018/6/25 14:12:9
2.6435 2.6979 54.4004 1.1168 311.0250 9.8701 2018/6/25 14:12:11
2.6435 2.6979 39.7377 1.1167 311.0875 8.4364 2018/6/25 14:12:13
2.6435 2.7028 78.8384 1.1169 311.0250 11.8815 2018/6/25 14:12:15
2.6435 2.7077 73.9508 1.1165 311.1500 11.5097 2018/6/25 14:12:17
2.6435 2.7322 25.0750 1.1162 311.2125 6.7029 2018/6/25 14:12:19
2.6435 2.6784 44.6253 1.1161 311.2750 8.9423 2018/6/25 14:12:20
2.6435 2.7175 73.9508 1.1159 311.3375 11.5125 2018/6/25 14:12:22
2.6435 2.7028 44.6253 1.1156 311.4000 8.9443 2018/6/25 14:12:24
2.6435 2.6784 83.7259 1.1155 311.4625 12.2521 2018/6/25 14:12:26
2.6435 2.7126 49.5129 1.1154 311.5250 9.4225 2018/6/25 14:12:28
2.6435 2.6833 73.9508 1.1152 311.6500 11.5164 2018/6/25 14:12:30
2.6435 2.7126 73.9508 1.1153 311.5875 11.5158 2018/6/25 14:12:31
2.6435 2.7077 83.7259 1.1164 311.3375 12.2472 2018/6/25 14:12:33
2.6435 2.7175 93.5011 1.1163 311.2750 12.9430 2018/6/25 14:12:35
2.6435 2.7077 73.9508 1.1164 311.3375 11.5099 2018/6/25 14:12:37
2.6435 2.6833 64.1756 1.1177 310.9000 10.7163 2018/6/25 14:12:39
2.6435 2.7028 69.0632 1.1176 310.9000 11.1174 2018/6/25 14:12:41
2.6435 2.7322 15.2998 1.1176 310.9625 5.2326 2018/6/25 14:12:42
2.6435 2.7126 73.9508 1.1173 311.0250 11.5053 2018/6/25 14:12:44
2.6435 2.7273 113.0514 1.1177 310.9000 14.2228 2018/6/25 14:12:46
2.6435 2.6540 39.7377 1.1180 310.9000 8.4314 2018/6/25 14:12:48
2.6435 2.6588 69.0632 1.1179 310.9000 11.1159 2018/6/25 14:12:50
2.6435 2.7322 93.5011 1.1179 310.9000 12.9335 2018/6/25 14:12:52
2.6435 2.6784 93.5011 1.1180 310.8375 12.9330 2018/6/25 14:12:53
2.6435 2.6979 54.4004 1.1184 310.7125 9.8633 2018/6/25 14:12:55
2.6435 2.7077 44.6253 1.1190 310.5250 8.9308 2018/6/25 14:12:57
2.6435 2.7370 49.5129 1.1208 310.0250 9.3997 2018/6/25 14:12:59
2.6435 2.7028 69.0632 1.1229 309.3375 11.0908 2018/6/25 14:13:1
2.6435 2.6784 49.5129 1.1237 309.0875 9.3874 2018/6/25 14:13:3
2.6435 2.7175 73.9508 1.1236 309.0875 11.4733 2018/6/25 14:13:4
2.6435 2.7273 49.5129 1.1234 309.0875 9.3885 2018/6/25 14:13:6
2.6435 2.6637 39.7377 1.1242 308.9625 8.4081 2018/6/25 14:13:8
2.6435 2.7028 73.9508 1.1238 309.0250 11.4719 2018/6/25 14:13:10
2.6435 2.7028 59.2880 1.1235 309.0875 10.2732 2018/6/25 14:13:12
2.6435 2.6784 54.4004 1.1238 309.0875 9.8396 2018/6/25 14:13:14
2.6435 2.7224 64.1756 1.1239 309.0875 10.6864 2018/6/25 14:13:15
2.6435 2.7419 69.0632 1.1242 308.9625 11.0845 2018/6/25 14:13:17
2.6435 2.6540 73.9508 1.1247 308.7750 11.4674 2018/6/25 14:13:19
2.6435 2.7126 44.6253 1.1246 308.9000 8.9085 2018/6/25 14:13:21
2.6435 2.7322 73.9508 1.1253 308.6500 11.4643 2018/6/25 14:13:23
2.6435 2.6979 69.0632 1.1249 308.7750 11.0809 2018/6/25 14:13:25
2.6435 2.6784 73.9508 1.1243 308.9000 11.4694 2018/6/25 14:13:26
2.6435 2.6735 39.7377 1.1249 308.7750 8.4055 2018/6/25 14:13:28
2.6435 2.6833 64.1756 1.1251 308.7750 10.6809 2018/6/25 14:13:30
2.6435 2.6931 93.5011 1.1251 308.7125 12.8923 2018/6/25 14:13:32
2.6435 2.7077 49.5129 1.1245 308.8375 9.3840 2018/6/25 14:13:34
2.6435 2.6979 54.4004 1.1242 308.9625 9.8376 2018/6/25 14:13:35
2.6435 2.6735 88.6135 1.1239 309.0875 12.5575 2018/6/25 14:13:37
2.6435 2.7028 78.8384 1.1235 309.2125 11.8466 2018/6/25 14:13:39
2.6435 2.7077 59.2880 1.1234 309.2750 10.2737 2018/6/25 14:13:41
2.6435 2.7077 29.9625 1.1231 309.3375 7.3045 2018/6/25 14:13:43
2.6435 2.7370 78.8384 1.1228 309.4625 11.8502 2018/6/25 14:13:45
2.6435 2.6540 83.7259 1.1224 309.5250 12.2143 2018/6/25 14:13:46
2.6435 2.7028 69.0632 1.1222 309.5875 11.0942 2018/6/25 14:13:48
2.6435 2.6735 49.5129 1.1221 309.6500 9.3940 2018/6/25 14:13:50
2.6435 2.6979 78.8384 1.1218 309.7750 11.8559 2018/6/25 14:13:52
2.6435 2.6979 54.4004 1.1220 309.7125 9.8476 2018/6/25 14:13:54
2.6435 2.6784 15.2998 1.1219 309.7750 5.2226 2018/6/25 14:13:56
2.6435 2.6882 73.9508 1.1219 309.7750 11.4817 2018/6/25 14:13:57
2.6435 2.7126 64.1756 1.1211 309.9625 10.7001 2018/6/25 14:13:59
2.6435 2.6686 93.5011 1.1205 310.1500 12.9184 2018/6/25 14:14:1
2.6435 2.7028 39.7377 1.1207 310.1500 8.4210 2018/6/25 14:14:3
2.6435 2.6686 69.0632 1.1202 310.2125 11.1042 2018/6/25 14:14:5
2.6435 2.6931 29.9625 1.1203 310.2750 7.3136 2018/6/25 14:14:7
2.6435 2.7077 88.6135 1.1201 310.3375 12.5787 2018/6/25 14:14:8
2.6435 2.7175 103.2763 1.1197 310.4625 13.5818 2018/6/25 14:14:10
2.6435 2.7273 64.1756 1.1196 310.5250 10.7068 2018/6/25 14:14:12
2.6435 2.6833 69.0632 1.1195 310.5875 11.1080 2018/6/25 14:14:14
2.6435 2.6979 64.1756 1.1197 310.5250 10.7067 2018/6/25 14:14:16
2.6435 2.7077 54.4004 1.1192 310.6500 9.8596 2018/6/25 14:14:18
2.6435 2.7224 78.8384 1.1194 310.5250 11.8682 2018/6/25 14:14:19
2.6435 2.6784 64.1756 1.1196 310.4625 10.7069 2018/6/25 14:14:21
2.6435 2.6686 59.2880 1.1192 310.5875 10.2930 2018/6/25 14:14:23
2.6435 2.6784 54.4004 1.1190 310.7125 9.8606 2018/6/25 14:14:25
2.6435 2.7322 44.6253 1.1187 310.7750 8.9318 2018/6/25 14:14:27
2.6435 2.7077 39.7377 1.1188 310.8375 8.4282 2018/6/25 14:14:29
2.6435 2.6784 49.5129 1.1185 310.8375 9.4091 2018/6/25 14:14:30
2.6435 2.7175 25.0750 1.1181 310.9625 6.6972 2018/6/25 14:14:32
2.6435 2.7028 54.4004 1.1180 311.0250 9.8652 2018/6/25 14:14:34
2.6435 2.7322 98.3887 1.1179 311.0875 13.2675 2018/6/25 14:14:36
2.6435 2.6931 64.1756 1.1173 311.2125 10.7182 2018/6/25 14:14:38
2.6435 2.6931 54.4004 1.1172 311.2750 9.8686 2018/6/25 14:14:40
2.6435 2.6735 69.0632 1.1171 311.2125 11.1195 2018/6/25 14:14:41
2.6435 2.6979 49.5129 1.1171 311.2750 9.4152 2018/6/25 14:14:43
2.6435 2.7175 59.2880 1.1172 311.1500 10.3021 2018/6/25 14:14:45
2.6435 2.7224 59.2880 1.1178 311.0250 10.2995 2018/6/25 14:14:47
2.6435 2.6833 59.2880 1.1178 311.0250 10.2996 2018/6/25 14:14:49
2.6435 2.7224 54.4004 1.1182 310.9625 9.8641 2018/6/25 14:14:51
2.6435 2.7126 69.0632 1.1182 310.9625 11.1141 2018/6/25 14:14:52
2.6435 2.7273 54.4004 1.1180 311.0250 9.8652 2018/6/25 14:14:54
2.6435 2.7126 93.5011 1.1179 311.1500 12.9336 2018/6/25 14:14:56
2.6435 2.6882 78.8384 1.1172 311.2125 11.8802 2018/6/25 14:14:58
2.6435 2.7126 69.0632 1.1171 311.2750 11.1197 2018/6/25 14:15:0
2.6435 2.6882 98.3887 1.1170 311.3375 13.2727 2018/6/25 14:15:2
2.6435 2.7224 54.4004 1.1166 311.4000 9.8710 2018/6/25 14:15:3
2.6435 2.6833 15.2998 1.1166 311.4625 5.2350 2018/6/25 14:15:5
2.6435 2.7419 78.8384 1.1160 311.5250 11.8864 2018/6/25 14:15:7
2.6435 2.7126 59.2880 1.1162 311.5250 10.3071 2018/6/25 14:15:9
2.6435 2.7175 73.9508 1.1166 311.4625 11.5091 2018/6/25 14:15:11
2.6435 2.7028 15.2998 1.1164 311.5250 5.2354 2018/6/25 14:15:13
2.6435 2.6979 83.7259 1.1164 311.4625 12.2470 2018/6/25 14:15:14
2.6435 2.7419 34.8501 1.1164 311.4625 7.9015 2018/6/25 14:15:16
2.6435 2.7419 64.1756 1.1166 311.4625 10.7212 2018/6/25 14:15:18
2.6435 2.6833 117.9390 1.1165 311.4000 14.5351 2018/6/25 14:15:20
2.6435 2.6979 73.9508 1.1163 311.5250 11.5108 2018/6/25 14:15:22
2.6435 2.6931 59.2880 1.1165 311.5250 10.3056 2018/6/25 14:15:24
2.6435 2.7126 59.2880 1.1161 311.5875 10.3072 2018/6/25 14:15:25
2.6435 2.7175 64.1756 1.1157 311.7125 10.7258 2018/6/25 14:15:27
2.6435 2.7126 64.1756 1.1157 311.7750 10.7255 2018/6/25 14:15:29
2.6435 2.7322 69.0632 1.1151 311.9000 11.1296 2018/6/25 14:15:31
2.6435 2.6931 69.0632 1.1148 311.9625 11.1309 2018/6/25 14:15:33
2.6435 2.7126 69.0632 1.1144 312.0875 11.1331 2018/6/25 14:15:35
2.6435 2.7322 93.5011 1.1145 312.0875 12.9533 2018/6/25 14:15:36
2.6435 2.7419 88.6135 1.1142 312.2125 12.6121 2018/6/25 14:15:38
2.6435 2.7322 73.9508 1.1140 312.2750 11.5226 2018/6/25 14:15:40
2.6435 2.7175 59.2880 1.1141 312.2125 10.3165 2018/6/25 14:15:42
2.6435 2.7273 59.2880 1.1140 312.2750 10.3170 2018/6/25 14:15:44
2.6435 2.6686 73.9508 1.1141 312.2750 11.5217 2018/6/25 14:15:46
2.6435 2.7175 108.1638 1.1137 312.3375 13.9373 2018/6/25 14:15:47
2.6435 2.6637 83.7259 1.1137 312.4000 12.2621 2018/6/25 14:15:49
2.6435 2.7077 73.9508 1.1139 312.3375 11.5229 2018/6/25 14:15:51
2.6435 2.7322 49.5129 1.1142 312.2750 9.4276 2018/6/25 14:15:53
2.6435 2.6882 59.2880 1.1137 312.4000 10.3185 2018/6/25 14:15:55
2.6435 2.6833 73.9508 1.1139 312.3375 11.5231 2018/6/25 14:15:57
2.6435 2.7126 44.6253 1.1134 312.4625 8.9531 2018/6/25 14:15:58
2.6435 2.6637 59.2880 1.1135 312.4625 10.3192 2018/6/25 14:16:0
2.6435 2.6882 10.4120 1.1140 312.3375 4.3235 2018/6/25 14:16:2
2.6435 2.7273 73.9508 1.1139 312.3375 11.5231 2018/6/25 14:16:4
2.6435 2.6979 59.2880 1.1138 312.3375 10.3178 2018/6/25 14:16:6
2.6435 2.6882 69.0632 1.1137 312.3375 11.1366 2018/6/25 14:16:8
2.6435 2.6979 78.8384 1.1140 312.3375 11.8973 2018/6/25 14:16:9
2.6435 2.6979 73.9508 1.1137 312.4000 11.5237 2018/6/25 14:16:11
2.6435 2.7077 78.8384 1.1143 312.2750 11.8953 2018/6/25 14:16:13
2.6435 2.6882 20.1874 1.1151 312.0250 6.0171 2018/6/25 14:16:15
2.6435 2.7273 49.5129 1.1156 311.7750 9.4216 2018/6/25 14:16:17
2.6435 2.6784 15.2998 1.1160 311.7125 5.2362 2018/6/25 14:16:19
2.6435 2.7273 29.9625 1.1164 311.6500 7.3266 2018/6/25 14:16:20
2.6435 2.7224 39.7377 1.1163 311.6500 8.4378 2018/6/25 14:16:22
2.6435 2.7224 34.8501 1.1168 311.5250 7.9002 2018/6/25 14:16:24
2.6435 2.7175 64.1756 1.1169 311.4625 10.7198 2018/6/25 14:16:26
2.6435 2.7273 34.8501 1.1166 311.5250 7.9007 2018/6/25 14:16:28
2.6435 2.7175 64.1756 1.1171 311.5250 10.7192 2018/6/25 14:16:30
2.6435 2.7370 44.6253 1.1169 311.4625 8.9392 2018/6/25 14:16:31
2.6435 2.6931 54.4004 1.1167 311.5250 9.8705 2018/6/25 14:16:33
2.6435 2.7322 73.9508 1.1166 311.5875 11.5091 2018/6/25 14:16:35
2.6435 2.6735 73.9508 1.1165 311.6500 11.5096 2018/6/25 14:16:37
2.6435 2.6833 49.5129 1.1167 311.6500 9.4169 2018/6/25 14:16:39
2.6435 2.6931 59.2880 1.1170 311.5250 10.3032 2018/6/25 14:16:41
2.6435 2.7077 54.4004 1.1167 311.5250 9.8708 2018/6/25 14:16:42
2.6435 2.7028 34.8501 1.1169 311.5875 7.8995 2018/6/25 14:16:44
2.6435 2.6686 73.9508 1.1165 311.7125 11.5097 2018/6/25 14:16:46
2.6435 2.6931 103.2763 1.1162 311.7750 13.6034 2018/6/25 14:16:48
2.6435 2.7273 44.6253 1.1156 311.9000 8.9443 2018/6/25 14:16:50
2.6435 2.7077 73.9508 1.1155 312.0250 11.5149 2018/6/25 14:16:52
2.6435 2.7370 93.5011 1.1149 312.1500 12.9511 2018/6/25 14:16:53
2.6435 2.7419 34.8501 1.1145 312.2750 7.9080 2018/6/25 14:16:55
2.6435 2.7126 69.0632 1.1142 312.3375 11.1340 2018/6/25 14:16:57
2.6435 2.7077 83.7259 1.1140 312.4625 12.2602 2018/6/25 14:16:59
2.6435 2.7175 93.5011 1.1139 312.5250 12.9570 2018/6/25 14:17:1
2.6435 2.6882 78.8384 1.1136 312.5875 11.8991 2018/6/25 14:17:3
2.6435 2.6882 83.7259 1.1133 312.6500 12.2643 2018/6/25 14:17:4
2.6435 2.6882 88.6135 1.1132 312.7125 12.6179 2018/6/25 14:17:6
2.6435 2.6931 64.1756 1.1130 312.8375 10.7386 2018/6/25 14:17:8
2.6435 2.7322 117.9390 1.1128 312.9000 14.5590 2018/6/25 14:17:10
2.6435 2.7322 20.1874 1.1122 313.0250 6.0250 2018/6/25 14:17:12
2.6435 2.6637 29.9625 1.1122 313.0250 7.3403 2018/6/25 14:17:14
2.6435 2.7126 44.6253 1.1121 313.0875 8.9586 2018/6/25 14:17:15
2.6435 2.7273 54.4004 1.1127 313.0875 9.8883 2018/6/25 14:17:17
2.6435 2.6833 54.4004 1.1122 313.1500 9.8907 2018/6/25 14:17:19
2.6435 2.6931 54.4004 1.1127 313.0250 9.8884 2018/6/25 14:17:21
2.6435 2.6931 39.7377 1.1127 312.9000 8.4514 2018/6/25 14:17:23
2.6435 2.6735 83.7259 1.1129 312.8375 12.2665 2018/6/25 14:17:24
2.6435 2.7273 88.6135 1.1133 312.7750 12.6170 2018/6/25 14:17:26
2.6435 2.6882 78.8384 1.1130 312.8375 11.9023 2018/6/25 14:17:28
2.6435 2.6979 108.1638 1.1129 312.8375 13.9419 2018/6/25 14:17:30
2.6435 2.6882 88.6135 1.1129 312.9000 12.6194 2018/6/25 14:17:32
2.6435 2.7273 98.3887 1.1125 313.0250 13.2996 2018/6/25 14:17:34
2.6435 2.7224 78.8384 1.1122 313.0875 11.9066 2018/6/25 14:17:35
2.6435 2.7126 59.2880 1.1126 313.0250 10.3235 2018/6/25 14:17:37
2.6435 2.7126 49.5129 1.1125 313.0250 9.4348 2018/6/25 14:17:39
2.6435 2.7126 69.0632 1.1123 313.0875 11.1436 2018/6/25 14:17:41
2.6435 2.6931 59.2880 1.1124 313.1500 10.3243 2018/6/25 14:17:43
2.6435 2.7224 108.1638 1.1122 313.1500 13.9465 2018/6/25 14:17:45
2.6435 2.7322 39.7377 1.1118 313.2750 8.4549 2018/6/25 14:17:46
2.6435 2.7077 103.2763 1.1115 313.4000 13.6318 2018/6/25 14:17:48
2.6435 2.6833 64.1756 1.1114 313.4625 10.7462 2018/6/25 14:17:50
2.6435 2.6979 88.6135 1.1112 313.5250 12.6291 2018/6/25 14:17:52
2.6435 2.7175 69.0632 1.1110 313.5250 11.1502 2018/6/25 14:17:54
2.6435 2.6882 88.6135 1.1107 313.6500 12.6319 2018/6/25 14:17:56
2.6435 2.7077 29.9625 1.1106 313.6500 7.3455 2018/6/25 14:17:57
2.6435 2.6882 34.8501 1.1103 313.7750 7.9232 2018/6/25 14:17:59
2.6435 2.7077 69.0632 1.1102 313.8375 11.1544 2018/6/25 14:18:1
2.6435 2.6979 93.5011 1.1105 313.7125 12.9764 2018/6/25 14:18:3
2.6435 2.6931 64.1756 1.1119 313.2750 10.7439 2018/6/25 14:18:5
2.6435 2.6833 29.9625 1.1116 313.3375 7.3422 2018/6/25 14:18:7
2.6435 2.7175 98.3887 1.1116 313.4000 13.3051 2018/6/25 14:18:8
2.6435 2.6882 49.5129 1.1119 313.2750 9.4372 2018/6/25 14:18:10
2.6435 2.7126 54.4004 1.1121 313.2125 9.8909 2018/6/25 14:18:12
2.6435 2.7175 34.8501 1.1126 313.0875 7.9151 2018/6/25 14:18:14
2.6435 2.7028 34.8501 1.1123 313.1500 7.9161 2018/6/25 14:18:16
2.6435 2.6979 78.8384 1.1124 313.1500 11.9054 2018/6/25 14:18:18
2.6435 2.7566 20.1874 1.1120 313.2125 6.0255 2018/6/25 14:18:19
2.6435 2.7126 59.2880 1.1126 313.0875 10.3233 2018/6/25 14:18:21
2.6435 2.6588 59.2880 1.1127 313.0250 10.3232 2018/6/25 14:18:23
2.6435 2.6833 59.2880 1.1129 312.9625 10.3221 2018/6/25 14:18:25
2.6435 2.6735 83.7259 1.1135 312.8375 12.2631 2018/6/25 14:18:27
2.6435 2.6931 49.5129 1.1132 312.8375 9.4316 2018/6/25 14:18:29
2.6435 2.7126 54.4004 1.1133 312.8375 9.8857 2018/6/25 14:18:30
2.6435 2.6931 73.9508 1.1131 312.9000 11.5271 2018/6/25 14:18:32
2.6435 2.7175 88.6135 1.1139 312.7125 12.6134 2018/6/25 14:18:34
2.6435 2.6931 49.5129 1.1146 312.4625 9.4258 2018/6/25 14:18:36
2.6435 2.7370 78.8384 1.1149 312.3375 11.8924 2018/6/25 14:18:38
2.6435 2.6833 44.6253 1.1148 312.3375 8.9475 2018/6/25 14:18:40
2.6435 2.7224 54.4004 1.1146 312.4000 9.8799 2018/6/25 14:18:41
2.6435 2.7322 44.6253 1.1145 312.4625 8.9487 2018/6/25 14:18:43
2.6435 2.6735 69.0632 1.1146 312.5250 11.1322 2018/6/25 14:18:45
2.6435 2.7419 88.6135 1.1157 312.0875 12.6033 2018/6/25 14:18:47
2.6435 2.7224 69.0632 1.1159 312.0875 11.1257 2018/6/25 14:18:49
2.6435 2.7028 59.2880 1.1152 312.1500 10.3115 2018/6/25 14:18:51
2.6435 2.7126 49.5129 1.1154 312.2125 9.4224 2018/6/25 14:18:52
2.6435 2.7126 54.4004 1.1151 312.2750 9.8780 2018/6/25 14:18:54
2.6435 2.6882 49.5129 1.1155 312.1500 9.4220 2018/6/25 14:18:56
2.6435 2.6979 88.6135 1.1157 312.0875 12.6032 2018/6/25 14:18:58
2.6435 2.6979 73.9508 1.1153 312.2125 11.5159 2018/6/25 14:19:0
2.6435 2.7077 88.6135 1.1155 312.1500 12.6044 2018/6/25 14:19:2
2.6435 2.7077 69.0632 1.1153 312.2125 11.1285 2018/6/25 14:19:3
2.6435 2.6833 49.5129 1.1153 312.1500 9.4226 2018/6/25 14:19:5
2.6435 2.7028 69.0632 1.1150 312.3375 11.1303 2018/6/25 14:19:7
2.6435 2.7322 59.2880 1.1153 312.2750 10.3113 2018/6/25 14:19:9
2.6435 2.7175 103.2763 1.1150 312.3375 13.6103 2018/6/25 14:19:11
2.6435 2.7224 59.2880 1.1147 312.4000 10.3137 2018/6/25 14:19:13
2.6435 2.6833 73.9508 1.1147 312.4625 11.5186 2018/6/25 14:19:14
2.6435 2.6588 88.6135 1.1150 312.4625 12.6075 2018/6/25 14:19:16
2.6435 2.7126 98.3887 1.1149 312.4625 13.2850 2018/6/25 14:19:18
2.6435 2.6931 78.8384 1.1151 312.3375 11.8912 2018/6/25 14:19:20
2.6435 2.7126 15.2998 1.1154 312.2750 5.2378 2018/6/25 14:19:22
2.6435 2.6882 29.9625 1.1149 312.4000 7.3313 2018/6/25 14:19:24
2.6435 2.6979 64.1756 1.1148 312.4625 10.7301 2018/6/25 14:19:25
2.6435 2.6784 108.1638 1.1151 312.3375 13.9282 2018/6/25 14:19:27
2.6435 2.6979 69.0632 1.1157 312.2125 11.1269 2018/6/25 14:19:29
2.6435 2.7126 39.7377 1.1166 311.9625 8.4368 2018/6/25 14:19:31
2.6435 2.6931 59.2880 1.1167 311.9625 10.3046 2018/6/25 14:19:33
2.6435 2.7077 54.4004 1.1160 312.0250 9.8739 2018/6/25 14:19:35
2.6435 2.7077 64.1756 1.1159 312.0875 10.7248 2018/6/25 14:19:36
2.6435 2.7175 25.0750 1.1164 311.9625 6.7022 2018/6/25 14:19:38
2.6435 2.6979 49.5129 1.1163 312.0250 9.4184 2018/6/25 14:19:40
2.6435 2.6882 44.6253 1.1161 312.0875 8.9425 2018/6/25 14:19:42
2.6435 2.7273 59.2880 1.1160 312.1500 10.3079 2018/6/25 14:19:44
2.6435 2.7028 93.5011 1.1158 312.2125 12.9458 2018/6/25 14:19:46
2.6435 2.7028 39.7377 1.1156 312.2125 8.4403 2018/6/25 14:19:47
2.6435 2.6979 59.2880 1.1156 312.2125 10.3096 2018/6/25 14:19:49
2.6435 2.6735 73.9508 1.1157 312.2125 11.5136 2018/6/25 14:19:51
2.6435 2.7077 78.8384 1.1159 312.1500 11.8872 2018/6/25 14:19:53
2.6435 2.7126 59.2880 1.1154 312.3375 10.3104 2018/6/25 14:19:55
2.6435 2.7028 64.1756 1.1152 312.4000 10.7283 2018/6/25 14:19:57
2.6435 2.7126 93.5011 1.1148 312.5250 12.9516 2018/6/25 14:19:58
2.6435 2.7077 83.7259 1.1151 312.5250 12.2542 2018/6/25 14:20:0
2.6435 2.7028 44.6253 1.1148 312.4625 8.9474 2018/6/25 14:20:2
2.6435 2.6931 88.6135 1.1151 312.4625 12.6072 2018/6/25 14:20:4
2.6435 2.7224 78.8384 1.1149 312.5250 11.8923 2018/6/25 14:20:6
2.6435 2.6931 44.6253 1.1149 312.5250 8.9472 2018/6/25 14:20:8
2.6435 2.7322 54.4004 1.1150 312.5250 9.8783 2018/6/25 14:20:9
2.6435 2.7615 25.0750 1.1147 312.5250 6.7074 2018/6/25 14:20:11
2.6435 2.7273 54.4004 1.1153 312.4000 9.8770 2018/6/25 14:20:13
2.6435 2.7077 69.0632 1.1152 312.4000 11.1291 2018/6/25 14:20:15
2.6435 2.6882 39.7377 1.1153 312.3375 8.4417 2018/6/25 14:20:17
2.6435 2.7126 83.7259 1.1156 312.4000 12.2517 2018/6/25 14:20:19
2.6435 2.6931 59.2880 1.1158 312.2750 10.3087 2018/6/25 14:20:20
2.6435 2.7664 93.5011 1.1157 312.3375 12.9464 2018/6/25 14:20:22
2.6435 2.7077 29.9625 1.1161 312.2125 7.3276 2018/6/25 14:20:24
2.6435 2.6637 49.5129 1.1163 312.2125 9.4186 2018/6/25 14:20:26
2.6435 2.7322 78.8384 1.1162 312.1500 11.8852 2018/6/25 14:20:28
2.6435 2.6882 34.8501 1.1167 312.1500 7.9005 2018/6/25 14:20:30
2.6435 2.6784 78.8384 1.1170 311.9625 11.8810 2018/6/25 14:20:31
2.6435 2.6784 44.6253 1.1171 311.9625 8.9384 2018/6/25 14:20:33
2.6435 2.6735 54.4004 1.1166 312.0875 9.8712 2018/6/25 14:20:35
2.6435 2.6833 54.4004 1.1167 312.1500 9.8708 2018/6/25 14:20:37
2.6435 2.7370 29.9625 1.1161 312.2750 7.3275 2018/6/25 14:20:39
2.6435 2.6882 39.7377 1.1160 312.3375 8.4388 2018/6/25 14:20:41
2.6435 2.7028 64.1756 1.1164 312.1500 10.7224 2018/6/25 14:20:42
2.6435 2.6931 64.1756 1.1165 312.2125 10.7219 2018/6/25 14:20:44
2.6435 2.7224 44.6253 1.1160 312.3375 8.9428 2018/6/25 14:20:46
2.6435 2.6979 88.6135 1.1160 312.4000 12.6016 2018/6/25 14:20:48
2.6435 2.7370 73.9508 1.1157 312.4000 11.5135 2018/6/25 14:20:50
2.6435 2.6882 64.1756 1.1156 312.4625 10.7264 2018/6/25 14:20:52
2.6435 2.7419 54.4004 1.1157 312.4000 9.8749 2018/6/25 14:20:53
2.6435 2.7077 34.8501 1.1164 312.2750 7.9014 2018/6/25 14:20:55
2.6435 2.6637 20.1874 1.1172 312.0250 6.0115 2018/6/25 14:20:57
2.6435 2.6833 73.9508 1.1176 311.9000 11.5040 2018/6/25 14:20:59
2.6435 2.6833 44.6253 1.1177 311.8375 8.9359 2018/6/25 14:21:1
2.6435 2.7028 83.7259 1.1171 312.0250 12.2433 2018/6/25 14:21:3
2.6435 2.7077 73.9508 1.1176 311.9625 11.5038 2018/6/25 14:21:4
2.6435 2.6784 34.8501 1.1182 311.7125 7.8952 2018/6/25 14:21:6
2.6435 2.6882 39.7377 1.1186 311.6500 8.4292 2018/6/25 14:21:8
2.6435 2.7175 39.7377 1.1184 311.6500 8.4298 2018/6/25 14:21:10
2.6435 2.7028 69.0632 1.1190 311.5250 11.1100 2018/6/25 14:21:12
2.6435 2.7126 59.2880 1.1193 311.5250 10.2928 2018/6/25 14:21:13
2.6435 2.7224 83.7259 1.1192 311.4625 12.2316 2018/6/25 14:21:15
2.6435 2.7322 44.6253 1.1195 311.4000 8.9287 2018/6/25 14:21:17
2.6435 2.7126 54.4004 1.1196 311.3375 9.8581 2018/6/25 14:21:19
2.6435 2.7126 73.9508 1.1193 311.4625 11.4949 2018/6/25 14:21:21
2.6435 2.6979 54.4004 1.1192 311.4625 9.8598 2018/6/25 14:21:23
2.6435 2.6979 73.9508 1.1188 311.5875 11.4977 2018/6/25 14:21:24
2.6435 2.6686 44.6253 1.1188 311.5875 8.9316 2018/6/25 14:21:26
2.6435 2.7028 78.8384 1.1183 311.7125 11.8741 2018/6/25 14:21:28
2.6435 2.7028 29.9625 1.1178 311.8375 7.3220 2018/6/25 14:21:30
2.6435 2.7077 59.2880 1.1179 311.9000 10.2992 2018/6/25 14:21:32
2.6435 2.6735 54.4004 1.1176 311.9625 9.8666 2018/6/25 14:21:34
2.6435 2.7077 69.0632 1.1176 311.9625 11.1170 2018/6/25 14:21:35
2.6435 2.6735 98.3887 1.1180 311.9000 13.2669 2018/6/25 14:21:37
2.6435 2.7273 59.2880 1.1180 311.9000 10.2988 2018/6/25 14:21:39
2.6435 2.7224 103.2763 1.1190 311.5875 13.5865 2018/6/25 14:21:41
2.6435 2.7028 69.0632 1.1189 311.5875 11.1109 2018/6/25 14:21:43
2.6435 2.6882 39.7377 1.1185 311.7125 8.4294 2018/6/25 14:21:45
2.6435 2.7077 78.8384 1.1189 311.6500 11.8709 2018/6/25 14:21:46
2.6435 2.7028 49.5129 1.1187 311.7125 9.4085 2018/6/25 14:21:48
2.6435 2.7175 83.7259 1.1189 311.6500 12.2336 2018/6/25 14:21:50
2.6435 2.7273 64.1756 1.1191 311.5875 10.7095 2018/6/25 14:21:52
2.6435 2.7419 73.9508 1.1187 311.6500 11.4982 2018/6/25 14:21:54
2.6435 2.6931 78.8384 1.1186 311.7125 11.8728 2018/6/25 14:21:56
2.6435 2.7517 69.0632 1.1182 311.8375 11.1144 2018/6/25 14:21:57
2.6435 2.6833 54.4004 1.1181 311.9000 9.8645 2018/6/25 14:21:59
2.6435 2.6784 93.5011 1.1185 311.7750 12.9300 2018/6/25 14:22:1
2.6435 2.6882 88.6135 1.1188 311.7125 12.5859 2018/6/25 14:22:3
2.6435 2.6979 44.6253 1.1193 311.5250 8.9296 2018/6/25 14:22:5
2.6435 2.7077 59.2880 1.1197 311.4625 10.2910 2018/6/25 14:22:7
2.6435 2.7126 25.0750 1.1200 311.3375 6.6917 2018/6/25 14:22:8
2.6435 2.6833 78.8384 1.1207 311.1500 11.8615 2018/6/25 14:22:10
2.6435 2.6784 49.5129 1.1210 311.0250 9.3987 2018/6/25 14:22:12
2.6435 2.7224 54.4004 1.1211 311.0250 9.8515 2018/6/25 14:22:14
2.6435 2.6833 98.3887 1.1217 310.9000 13.2451 2018/6/25 14:22:16
2.6435 2.7028 64.1756 1.1213 310.9625 10.6988 2018/6/25 14:22:18
2.6435 2.7370 78.8384 1.1213 310.9625 11.8585 2018/6/25 14:22:19
2.6435 2.7175 59.2880 1.1216 310.9000 10.2822 2018/6/25 14:22:21
2.6435 2.7224 44.6253 1.1219 310.8375 8.9193 2018/6/25 14:22:23
2.6435 2.7273 98.3887 1.1215 310.9000 13.2464 2018/6/25 14:22:25
2.6435 2.7224 44.6253 1.1215 310.9000 8.9208 2018/6/25 14:22:27
2.6435 2.7126 59.2880 1.1217 310.8375 10.2816 2018/6/25 14:22:29
2.6435 2.6979 54.4004 1.1216 310.8375 9.8491 2018/6/25 14:22:30
2.6435 2.6735 20.1874 1.1215 310.9000 6.0002 2018/6/25 14:22:32
2.6435 2.7273 64.1756 1.1215 310.8375 10.6978 2018/6/25 14:22:34
2.6435 2.6979 83.7259 1.1218 310.8375 12.2178 2018/6/25 14:22:36
2.6435 2.6686 49.5129 1.1214 310.9000 9.3973 2018/6/25 14:22:38
2.6435 2.6931 34.8501 1.1218 310.7750 7.8825 2018/6/25 14:22:40
2.6435 2.7126 59.2880 1.1220 310.7125 10.2801 2018/6/25 14:22:41
2.6435 2.7077 78.8384 1.1225 310.6500 11.8518 2018/6/25 14:22:43
2.6435 2.7028 93.5011 1.1218 310.7750 12.9110 2018/6/25 14:22:45
2.6435 2.7468 93.5011 1.1221 310.7125 12.9092 2018/6/25 14:22:47
2.6435 2.7322 113.0514 1.1217 310.7750 14.1976 2018/6/25 14:22:49
2.6435 2.6931 73.9508 1.1222 310.7125 11.4805 2018/6/25 14:22:51
2.6435 2.6686 29.9625 1.1225 310.6500 7.3064 2018/6/25 14:22:52
2.6435 2.7028 78.8384 1.1227 310.5875 11.8509 2018/6/25 14:22:54
2.6435 2.7028 83.7259 1.1227 310.5250 12.2125 2018/6/25 14:22:56
2.6435 2.7322 69.0632 1.1228 310.5250 11.0915 2018/6/25 14:22:58
2.6435 2.6979 34.8501 1.1224 310.5875 7.8802 2018/6/25 14:23:0
2.6435 2.7175 49.5129 1.1229 310.5250 9.3908 2018/6/25 14:23:2
2.6435 2.7175 44.6253 1.1228 310.5875 8.9158 2018/6/25 14:23:3
2.6435 2.7077 29.9625 1.1230 310.4625 7.3048 2018/6/25 14:23:5
2.6435 2.6735 39.7377 1.1238 310.2750 8.4095 2018/6/25 14:23:7
2.6435 2.6931 73.9508 1.1238 310.3375 11.4722 2018/6/25 14:23:9
2.6435 2.7175 39.7377 1.1237 310.3375 8.4101 2018/6/25 14:23:11
2.6435 2.7322 54.4004 1.1232 310.4000 9.8421 2018/6/25 14:23:13
2.6435 2.7077 49.5129 1.1229 310.5250 9.3909 2018/6/25 14:23:14
2.6435 2.6833 39.7377 1.1226 310.5875 8.4142 2018/6/25 14:23:16
2.6435 2.6686 78.8384 1.1221 310.7125 11.8540 2018/6/25 14:23:18
2.6435 2.7126 78.8384 1.1224 310.7125 11.8526 2018/6/25 14:23:20
2.6435 2.6979 59.2880 1.1218 310.8375 10.2811 2018/6/25 14:23:22
2.6435 2.7077 69.0632 1.1220 310.8375 11.0953 2018/6/25 14:23:24
2.6435 2.6686 34.8501 1.1223 310.7125 7.8806 2018/6/25 14:23:25
2.6435 2.6637 49.5129 1.1225 310.6500 9.3924 2018/6/25 14:23:27
2.6435 2.7322 64.1756 1.1223 310.7125 10.6941 2018/6/25 14:23:29
2.6435 2.7224 29.9625 1.1222 310.7750 7.3074 2018/6/25 14:23:31
2.6435 2.7028 64.1756 1.1216 310.9625 10.6975 2018/6/25 14:23:33
2.6435 2.7224 83.7259 1.1213 311.0875 12.2201 2018/6/25 14:23:35
2.6435 2.7028 69.0632 1.1212 311.1500 11.0992 2018/6/25 14:23:36
2.6435 2.6735 54.4004 1.1209 311.1500 9.8521 2018/6/25 14:23:38
2.6435 2.7273 64.1756 1.1210 311.2750 10.7005 2018/6/25 14:23:40
2.6435 2.7126 39.7377 1.1206 311.3375 8.4215 2018/6/25 14:23:42
2.6435 2.6979 49.5129 1.1202 311.4625 9.4023 2018/6/25 14:23:44
2.6435 2.6931 113.0514 1.1204 311.4000 14.2061 2018/6/25 14:23:46
2.6435 2.7224 69.0632 1.1205 311.4000 11.1029 2018/6/25 14:23:47
2.6435 2.6735 54.4004 1.1202 311.4000 9.8551 2018/6/25 14:23:49
2.6435 2.7028 83.7259 1.1202 311.5250 12.2265 2018/6/25 14:23:51
2.6435 2.7126 73.9508 1.1196 311.6500 11.4935 2018/6/25 14:23:53
2.6435 2.7028 98.3887 1.1194 311.7125 13.2582 2018/6/25 14:23:55
2.6435 2.7175 88.6135 1.1194 311.7750 12.5827 2018/6/25 14:23:57
2.6435 2.7468 88.6135 1.1194 311.7125 12.5829 2018/6/25 14:23:58
2.6435 2.7273 103.2763 1.1199 311.6500 13.5807 2018/6/25 14:24:0
2.6435 2.7273 69.0632 1.1200 311.5875 11.1052 2018/6/25 14:24:2
2.6435 2.6931 49.5129 1.1201 311.5875 9.4026 2018/6/25 14:24:4
2.6435 2.7517 54.4004 1.1203 311.5250 9.8549 2018/6/25 14:24:6
2.6435 2.7126 69.0632 1.1197 311.6500 11.1069 2018/6/25 14:24:8
2.6435 2.7126 59.2880 1.1195 311.7125 10.2915 2018/6/25 14:24:9
2.6435 2.7419 88.6135 1.1191 311.8375 12.5844 2018/6/25 14:24:11
2.6435 2.6833 49.5129 1.1190 311.8375 9.4071 2018/6/25 14:24:13
2.6435 2.6735 83.7259 1.1186 311.9625 12.2351 2018/6/25 14:24:15
2.6435 2.7028 54.4004 1.1181 312.1500 9.8644 2018/6/25 14:24:17
2.6435 2.7126 54.4004 1.1180 312.2125 9.8650 2018/6/25 14:24:19
2.6435 2.7028 93.5011 1.1174 312.3375 12.9365 2018/6/25 14:24:20
2.6435 2.6540 73.9508 1.1176 312.2750 11.5036 2018/6/25 14:24:22
2.6435 2.6979 93.5011 1.1176 312.3375 12.9355 2018/6/25 14:24:24
2.6435 2.7077 64.1756 1.1173 312.4000 10.7182 2018/6/25 14:24:26
2.6435 2.7273 73.9508 1.1172 312.4625 11.5058 2018/6/25 14:24:28
2.6435 2.6833 59.2880 1.1172 312.4625 10.3024 2018/6/25 14:24:30
2.6435 2.7224 69.0632 1.1176 312.3375 11.1170 2018/6/25 14:24:31
2.6435 2.6735 93.5011 1.1174 312.4625 12.9367 2018/6/25 14:24:33
2.6435 2.7224 49.5129 1.1172 312.5250 9.4149 2018/6/25 14:24:35
2.6435 2.6931 73.9508 1.1169 312.5875 11.5077 2018/6/25 14:24:37
2.6435 2.7126 98.3887 1.1167 312.7125 13.2746 2018/6/25 14:24:39
2.6435 2.6735 44.6253 1.1158 312.8375 8.9434 2018/6/25 14:24:41
2.6435 2.6931 113.0514 1.1161 312.8375 14.2334 2018/6/25 14:24:42
2.6435 2.6979 69.0632 1.1174 312.4625 11.1180 2018/6/25 14:24:44
2.6435 2.7370 88.6135 1.1176 312.3375 12.5928 2018/6/25 14:24:46
2.6435 2.7126 39.7377 1.1177 312.2750 8.4323 2018/6/25 14:24:48
2.6435 2.6784 39.7377 1.1182 312.2125 8.4306 2018/6/25 14:24:50
2.6435 2.7175 54.4004 1.1183 312.1500 9.8636 2018/6/25 14:24:51
2.6435 2.6931 98.3887 1.1184 312.0875 13.2646 2018/6/25 14:24:53
2.6435 2.6833 59.2880 1.1181 312.1500 10.2981 2018/6/25 14:24:55
2.6435 2.7028 78.8384 1.1185 312.0250 11.8733 2018/6/25 14:24:57
2.6435 2.6979 64.1756 1.1185 312.1500 10.7125 2018/6/25 14:24:59
2.6435 2.7126 103.2763 1.1180 312.2125 13.5922 2018/6/25 14:25:1
2.6435 2.6979 69.0632 1.1179 312.2750 11.1155 2018/6/25 14:25:2
2.6435 2.7224 73.9508 1.1177 312.3375 11.5032 2018/6/25 14:25:4
2.6435 2.7322 69.0632 1.1174 312.4000 11.1182 2018/6/25 14:25:6
2.6435 2.7273 59.2880 1.1173 312.4625 10.3018 2018/6/25 14:25:8
2.6435 2.6686 64.1756 1.1171 312.5250 10.7188 2018/6/25 14:25:10
2.6435 2.6882 108.1638 1.1168 312.5875 13.9179 2018/6/25 14:25:12
2.6435 2.7224 39.7377 1.1164 312.7125 8.4374 2018/6/25 14:25:13
2.6435 2.6931 98.3887 1.1163 312.7750 13.2771 2018/6/25 14:25:15
2.6435 2.7175 59.2880 1.1161 312.9000 10.3074 2018/6/25 14:25:17
2.6435 2.7028 54.4004 1.1157 312.9625 9.8753 2018/6/25 14:25:19
2.6435 2.7370 73.9508 1.1155 313.0250 11.5145 2018/6/25 14:25:21
2.6435 2.6540 83.7259 1.1151 313.0875 12.2544 2018/6/25 14:25:23
2.6435 2.6931 78.8384 1.1152 313.1500 11.8909 2018/6/25 14:25:24
2.6435 2.7175 59.2880 1.1152 313.0875 10.3115 2018/6/25 14:25:26
2.6435 2.7175 54.4004 1.1151 313.1500 9.8776 2018/6/25 14:25:28
2.6435 2.7028 64.1756 1.1148 313.2750 10.7300 2018/6/25 14:25:30
2.6435 2.6979 44.6253 1.1149 313.2750 8.9472 2018/6/25 14:25:32
2.6435 2.6735 59.2880 1.1144 313.3375 10.3152 2018/6/25 14:25:34
2.6435 2.6735 73.9508 1.1148 313.2750 11.5184 2018/6/25 14:25:35
2.6435 2.7175 15.2998 1.1149 313.3375 5.2388 2018/6/25 14:25:37
2.6435 2.7224 83.7259 1.1148 313.3375 12.2559 2018/6/25 14:25:39
2.6435 2.6784 59.2880 1.1149 313.2750 10.3129 2018/6/25 14:25:41
2.6435 2.7322 39.7377 1.1151 313.2125 8.4423 2018/6/25 14:25:43
2.6435 2.6979 44.6253 1.1149 313.2125 8.9472 2018/6/25 14:25:45
2.6435 2.7077 49.5129 1.1150 313.2750 9.4238 2018/6/25 14:25:46
2.6435 2.7126 69.0632 1.1149 313.3375 11.1307 2018/6/25 14:25:48
2.6435 2.6588 49.5129 1.1147 313.3375 9.4253 2018/6/25 14:25:50
2.6435 2.6784 83.7259 1.1150 313.3375 12.2549 2018/6/25 14:25:52
2.6435 2.7077 69.0632 1.1150 313.4000 11.1303 2018/6/25 14:25:54
2.6435 2.6979 78.8384 1.1145 313.4625 11.8942 2018/6/25 14:25:56
2.6435 2.7175 29.9625 1.1144 313.5250 7.3330 2018/6/25 14:25:57
2.6435 2.6588 44.6253 1.1143 313.5250 8.9496 2018/6/25 14:25:59
2.6435 2.6784 49.5129 1.1138 313.6500 9.4291 2018/6/25 14:26:1
2.6435 2.6637 64.1756 1.1136 313.6500 10.7356 2018/6/25 14:26:3
2.6435 2.6540 15.2998 1.1141 313.5875 5.2408 2018/6/25 14:26:5
