2.6443 2.6442 -0.1450 1.1233 311.2750 nan 2018/6/25 14:28:29
2.6443 2.6442 -0.1450 1.1233 311.2125 nan 2018/6/25 14:28:31
2.6443 2.6442 -0.1450 1.1231 311.3375 nan 2018/6/25 14:28:33
2.6443 2.7077 97.6069 1.1236 311.2125 13.1812 2018/6/25 14:28:35
2.6443 2.7517 82.9442 1.1241 310.9625 12.1478 2018/6/25 14:28:37
2.6443 2.7370 48.7311 1.1246 310.9000 9.3094 2018/6/25 14:28:38
2.6443 2.7370 82.9442 1.1242 310.9625 12.1477 2018/6/25 14:28:40
2.6443 2.7077 68.2814 1.1243 310.9625 11.0211 2018/6/25 14:28:42
2.6443 2.7077 58.5062 1.1244 310.9625 10.2015 2018/6/25 14:28:44
2.6443 2.7713 58.5062 1.1248 310.9000 10.1994 2018/6/25 14:28:46
2.6443 2.7322 68.2814 1.1247 310.8375 11.0190 2018/6/25 14:28:48
2.6443 2.7028 58.5062 1.1251 310.7750 10.1979 2018/6/25 14:28:49
2.6443 2.7126 97.6069 1.1256 310.6500 13.1694 2018/6/25 14:28:51
2.6443 2.7370 73.1690 1.1264 310.4000 11.3980 2018/6/25 14:28:53
2.6443 2.7370 102.4945 1.1264 310.4000 13.4903 2018/6/25 14:28:55
2.6443 2.7370 38.9559 1.1262 310.4625 8.3177 2018/6/25 14:28:57
2.6443 2.7224 78.0566 1.1258 310.5250 11.7758 2018/6/25 14:28:59
2.6443 2.7273 97.6069 1.1258 310.5250 13.1679 2018/6/25 14:29:0
2.6443 2.7273 107.3821 1.1256 310.5875 13.8128 2018/6/25 14:29:2
2.6443 2.7126 68.2814 1.1257 310.5875 11.0143 2018/6/25 14:29:4
2.6443 2.7370 63.3938 1.1258 310.5250 10.6121 2018/6/25 14:29:6
2.6443 2.7224 29.1808 1.1258 310.5875 7.2000 2018/6/25 14:29:8
2.6443 2.7077 87.8317 1.1255 310.6500 12.4931 2018/6/25 14:29:10
2.6443 2.7419 82.9442 1.1249 310.7750 12.1435 2018/6/25 14:29:11
2.6443 2.6882 78.0566 1.1249 310.8375 11.7806 2018/6/25 14:29:13
2.6443 2.7419 53.6187 1.1245 310.9625 9.7654 2018/6/25 14:29:15
2.6443 2.7468 73.1690 1.1250 310.8375 11.4054 2018/6/25 14:29:17
2.6443 2.7126 97.6069 1.1251 310.7750 13.1720 2018/6/25 14:29:19
2.6443 2.7322 82.9442 1.1255 310.7125 12.1404 2018/6/25 14:29:21
2.6443 2.7175 73.1690 1.1255 310.7125 11.4026 2018/6/25 14:29:22
2.6443 2.7175 87.8317 1.1249 310.8375 12.4962 2018/6/25 14:29:24
2.6443 2.7028 53.6187 1.1248 310.9000 9.7642 2018/6/25 14:29:26
2.6443 2.7224 92.7193 1.1250 310.9000 12.8386 2018/6/25 14:29:28
2.6443 2.7419 68.2814 1.1244 311.0250 11.0207 2018/6/25 14:29:30
2.6443 2.7517 68.2814 1.1244 311.0875 11.0206 2018/6/25 14:29:31
2.6443 2.7322 63.3938 1.1244 311.0875 10.6188 2018/6/25 14:29:33
2.6443 2.7224 78.0566 1.1239 311.2125 11.7857 2018/6/25 14:29:35
2.6443 2.7028 73.1690 1.1238 311.2750 11.4115 2018/6/25 14:29:37
2.6443 2.7028 87.8317 1.1235 311.3375 12.5041 2018/6/25 14:29:39
2.6443 2.7077 87.8317 1.1233 311.4000 12.5052 2018/6/25 14:29:41
2.6443 2.6931 82.9442 1.1226 311.5875 12.1560 2018/6/25 14:29:42
2.6443 2.7322 43.8435 1.1225 311.6500 8.8383 2018/6/25 14:29:44
2.6443 2.7370 97.6069 1.1225 311.6500 13.1876 2018/6/25 14:29:46
2.6443 2.6979 82.9442 1.1223 311.7125 12.1578 2018/6/25 14:29:48
2.6443 2.6882 102.4945 1.1223 311.7125 13.5151 2018/6/25 14:29:50
2.6443 2.7126 87.8317 1.1223 311.7125 12.5109 2018/6/25 14:29:52
2.6443 2.7468 92.7193 1.1222 311.7125 12.8547 2018/6/25 14:29:53
2.6443 2.7322 53.6187 1.1223 311.7125 9.7752 2018/6/25 14:29:55
2.6443 2.7322 97.6069 1.1223 311.7125 13.1885 2018/6/25 14:29:57
2.6443 2.7419 58.5062 1.1223 311.7750 10.2110 2018/6/25 14:29:59
2.6443 2.7077 92.7193 1.1223 311.7125 12.8540 2018/6/25 14:30:1
2.6443 2.7419 63.3938 1.1224 311.7125 10.6284 2018/6/25 14:30:3
2.6443 2.7322 38.9559 1.1223 311.7125 8.3318 2018/6/25 14:30:4
2.6443 2.7028 48.7311 1.1226 311.6500 9.3177 2018/6/25 14:30:6
2.6443 2.7224 63.3938 1.1230 311.5250 10.6253 2018/6/25 14:30:8
2.6443 2.7077 73.1690 1.1231 311.5250 11.4150 2018/6/25 14:30:10
2.6443 2.7273 107.3821 1.1231 311.5250 13.8284 2018/6/25 14:30:12
2.6443 2.7322 92.7193 1.1234 311.4000 12.8481 2018/6/25 14:30:14
2.6443 2.7322 73.1690 1.1238 311.3375 11.4115 2018/6/25 14:30:15
2.6443 2.6931 63.3938 1.1234 311.4000 10.6236 2018/6/25 14:30:17
2.6443 2.7370 82.9442 1.1233 311.4625 12.1525 2018/6/25 14:30:19
2.6443 2.7322 63.3938 1.1237 311.4000 10.6223 2018/6/25 14:30:21
2.6443 2.7419 117.1572 1.1238 311.3375 14.4399 2018/6/25 14:30:23
2.6443 2.7322 97.6069 1.1233 311.4000 13.1825 2018/6/25 14:30:25
2.6443 2.7224 48.7311 1.1236 311.4000 9.3137 2018/6/25 14:30:26
2.6443 2.7126 53.6187 1.1242 311.2125 9.7669 2018/6/25 14:30:28
2.6443 2.7273 58.5062 1.1241 311.2750 10.2028 2018/6/25 14:30:30
2.6443 2.7175 34.0683 1.1240 311.2750 7.7858 2018/6/25 14:30:32
2.6443 2.7028 53.6187 1.1239 311.2750 9.7683 2018/6/25 14:30:34
2.6443 2.7468 126.9324 1.1247 311.0875 15.0241 2018/6/25 14:30:36
2.6443 2.7126 58.5062 1.1244 311.1500 10.2015 2018/6/25 14:30:37
2.6443 2.6979 78.0566 1.1241 311.2125 11.7846 2018/6/25 14:30:39
2.6443 2.6833 43.8435 1.1244 311.1500 8.8311 2018/6/25 14:30:41
2.6443 2.7419 102.4945 1.1245 311.1500 13.5016 2018/6/25 14:30:43
2.6443 2.7175 68.2814 1.1240 311.2750 11.0226 2018/6/25 14:30:45
2.6443 2.7273 112.2696 1.1237 311.4000 14.1356 2018/6/25 14:30:47
2.6443 2.7273 107.3821 1.1234 311.4625 13.8264 2018/6/25 14:30:48
2.6443 2.7224 38.9559 1.1232 311.5250 8.3285 2018/6/25 14:30:50
2.6443 2.7517 82.9442 1.1232 311.5250 12.1527 2018/6/25 14:30:52
2.6443 2.6882 48.7311 1.1227 311.6500 9.3174 2018/6/25 14:30:54
2.6443 2.6979 58.5062 1.1233 311.5250 10.2063 2018/6/25 14:30:56
2.6443 2.7322 82.9442 1.1239 311.2750 12.1493 2018/6/25 14:30:58
2.6443 2.7175 48.7311 1.1239 311.3375 9.3123 2018/6/25 14:30:59
2.6443 2.7175 63.3938 1.1238 311.4000 10.6217 2018/6/25 14:31:1
2.6443 2.7175 87.8317 1.1238 311.4000 12.5025 2018/6/25 14:31:3
2.6443 2.7126 68.2814 1.1238 311.4000 11.0237 2018/6/25 14:31:5
2.6443 2.7273 63.3938 1.1235 311.4625 10.6233 2018/6/25 14:31:7
2.6443 2.7126 92.7193 1.1230 311.5875 12.8502 2018/6/25 14:31:9
2.6443 2.7468 53.6187 1.1231 311.5875 9.7716 2018/6/25 14:31:10
2.6443 2.7028 87.8317 1.1230 311.6500 12.5072 2018/6/25 14:31:12
2.6443 2.7224 92.7193 1.1228 311.7125 12.8515 2018/6/25 14:31:14
2.6443 2.7322 107.3821 1.1230 311.6500 13.8291 2018/6/25 14:31:16
2.6443 2.7126 63.3938 1.1234 311.5250 10.6234 2018/6/25 14:31:18
2.6443 2.7077 82.9442 1.1236 311.5250 12.1507 2018/6/25 14:31:20
2.6443 2.7273 87.8317 1.1247 311.2125 12.4975 2018/6/25 14:31:21
2.6443 2.7175 68.2814 1.1255 310.9000 11.0154 2018/6/25 14:31:23
2.6443 2.7126 53.6187 1.1254 310.9625 9.7615 2018/6/25 14:31:25
2.6443 2.7322 73.1690 1.1252 310.9625 11.4041 2018/6/25 14:31:27
2.6443 2.7028 97.6069 1.1255 310.9000 13.1696 2018/6/25 14:31:29
2.6443 2.7028 87.8317 1.1260 310.7750 12.4905 2018/6/25 14:31:31
2.6443 2.7175 68.2814 1.1264 310.6500 11.0109 2018/6/25 14:31:32
2.6443 2.7126 117.1572 1.1273 310.3375 14.4172 2018/6/25 14:31:34
2.6443 2.6931 73.1690 1.1280 310.1500 11.3901 2018/6/25 14:31:36
2.6443 2.6979 63.3938 1.1281 310.1500 10.6013 2018/6/25 14:31:38
2.6443 2.6833 53.6187 1.1284 310.0250 9.7488 2018/6/25 14:31:40
2.6443 2.7175 122.0448 1.1282 310.0875 14.7092 2018/6/25 14:31:42
2.6443 2.7175 73.1690 1.1279 310.1500 11.3906 2018/6/25 14:31:43
2.6443 2.7370 53.6187 1.1279 310.1500 9.7506 2018/6/25 14:31:45
2.6443 2.7761 68.2814 1.1275 310.2750 11.0054 2018/6/25 14:31:47
2.6443 2.7224 78.0566 1.1272 310.4000 11.7683 2018/6/25 14:31:49
2.6443 2.7322 73.1690 1.1274 310.3375 11.3930 2018/6/25 14:31:51
2.6443 2.7566 68.2814 1.1272 310.4000 11.0069 2018/6/25 14:31:53
2.6443 2.7077 63.3938 1.1270 310.4625 10.6066 2018/6/25 14:31:54
2.6443 2.7664 117.1572 1.1269 310.4625 14.4200 2018/6/25 14:31:56
2.6443 2.7273 68.2814 1.1271 310.4000 11.0074 2018/6/25 14:31:58
2.6443 2.6979 38.9559 1.1275 310.3375 8.3128 2018/6/25 14:32:0
2.6443 2.6931 92.7193 1.1270 310.4000 12.8273 2018/6/25 14:32:2
2.6443 2.7077 112.2696 1.1265 310.5875 14.1180 2018/6/25 14:32:4
2.6443 2.7370 53.6187 1.1261 310.7125 9.7587 2018/6/25 14:32:5
2.6443 2.6931 87.8317 1.1257 310.8375 12.4919 2018/6/25 14:32:7
2.6443 2.6931 53.6187 1.1254 310.9625 9.7616 2018/6/25 14:32:9
2.6443 2.7028 92.7193 1.1254 310.9625 12.8367 2018/6/25 14:32:11
2.6443 2.6833 92.7193 1.1254 310.9625 12.8364 2018/6/25 14:32:13
2.6443 2.6931 73.1690 1.1252 311.0250 11.4043 2018/6/25 14:32:15
2.6443 2.7175 53.6187 1.1251 311.0875 9.7631 2018/6/25 14:32:16
2.6443 2.7419 78.0566 1.1248 311.1500 11.7810 2018/6/25 14:32:18
2.6443 2.7468 97.6069 1.1244 311.2125 13.1761 2018/6/25 14:32:20
2.6443 2.7370 68.2814 1.1240 311.4000 11.0226 2018/6/25 14:32:22
2.6443 2.7419 82.9442 1.1237 311.5250 12.1504 2018/6/25 14:32:24
2.6443 2.7126 92.7193 1.1234 311.5875 12.8479 2018/6/25 14:32:26
2.6443 2.7517 63.3938 1.1233 311.6500 10.6238 2018/6/25 14:32:27
2.6443 2.7028 78.0566 1.1230 311.7750 11.7907 2018/6/25 14:32:29
2.6443 2.7126 63.3938 1.1226 311.8375 10.6273 2018/6/25 14:32:31
2.6443 2.7028 63.3938 1.1225 311.9000 10.6278 2018/6/25 14:32:33
2.6443 2.7077 63.3938 1.1223 311.9625 10.6289 2018/6/25 14:32:35
2.6443 2.7028 43.8435 1.1217 312.1500 8.8417 2018/6/25 14:32:37
2.6443 2.6979 112.2696 1.1216 312.2125 14.1493 2018/6/25 14:32:38
2.6443 2.7468 78.0566 1.1213 312.2750 11.7992 2018/6/25 14:32:40
2.6443 2.7224 53.6187 1.1206 312.4625 9.7823 2018/6/25 14:32:42
2.6443 2.6931 68.2814 1.1206 312.5250 11.0391 2018/6/25 14:32:44
2.6443 2.7028 78.0566 1.1200 312.6500 11.8060 2018/6/25 14:32:46
2.6443 2.7322 82.9442 1.1198 312.7750 12.1713 2018/6/25 14:32:48
2.6443 2.7077 73.1690 1.1194 312.9000 11.4334 2018/6/25 14:32:49
2.6443 2.6931 43.8435 1.1196 312.8375 8.8497 2018/6/25 14:32:51
2.6443 2.7370 68.2814 1.1197 312.7750 11.0435 2018/6/25 14:32:53
2.6443 2.6931 78.0566 1.1194 312.8375 11.8095 2018/6/25 14:32:55
2.6443 2.6784 87.8317 1.1195 312.8375 12.5266 2018/6/25 14:32:57
2.6443 2.7077 78.0566 1.1201 312.6500 11.8056 2018/6/25 14:32:59
2.6443 2.7517 68.2814 1.1214 312.2750 11.0352 2018/6/25 14:33:0
2.6443 2.7126 97.6069 1.1215 312.2125 13.1934 2018/6/25 14:33:2
2.6443 2.7126 58.5062 1.1215 312.2125 10.2146 2018/6/25 14:33:4
2.6443 2.7175 87.8317 1.1228 311.8375 12.5081 2018/6/25 14:33:6
2.6443 2.6882 43.8435 1.1230 311.7750 8.8365 2018/6/25 14:33:8
2.6443 2.6979 53.6187 1.1229 311.7750 9.7724 2018/6/25 14:33:10
2.6443 2.7175 87.8317 1.1228 311.8375 12.5082 2018/6/25 14:33:11
2.6443 2.7077 43.8435 1.1222 311.9625 8.8395 2018/6/25 14:33:13
2.6443 2.7224 78.0566 1.1219 312.0250 11.7960 2018/6/25 14:33:15
2.6443 2.7224 122.0448 1.1219 312.0875 14.7502 2018/6/25 14:33:17
2.6443 2.7664 92.7193 1.1218 312.0875 12.8569 2018/6/25 14:33:19
2.6443 2.6931 68.2814 1.1220 312.0875 11.0326 2018/6/25 14:33:21
2.6443 2.6979 92.7193 1.1218 312.1500 12.8570 2018/6/25 14:33:22
2.6443 2.7224 78.0566 1.1215 312.2125 11.7982 2018/6/25 14:33:24
2.6443 2.7615 102.4945 1.1213 312.2750 13.5207 2018/6/25 14:33:26
2.6443 2.7126 82.9442 1.1211 312.3375 12.1641 2018/6/25 14:33:28
2.6443 2.7077 73.1690 1.1206 312.4625 11.4274 2018/6/25 14:33:30
2.6443 2.7322 63.3938 1.1208 312.4625 10.6359 2018/6/25 14:33:32
2.6443 2.7273 68.2814 1.1207 312.4625 11.0386 2018/6/25 14:33:33
2.6443 2.6979 78.0566 1.1206 312.5875 11.8033 2018/6/25 14:33:35
2.6443 2.6979 24.2932 1.1199 312.7125 6.5866 2018/6/25 14:33:37
2.6443 2.7566 73.1690 1.1197 312.8375 11.4322 2018/6/25 14:33:39
2.6443 2.7419 63.3938 1.1192 312.9625 10.6437 2018/6/25 14:33:41
2.6443 2.7224 97.6069 1.1190 313.0250 13.2084 2018/6/25 14:33:43
2.6443 2.6735 117.1572 1.1187 313.1500 14.4725 2018/6/25 14:33:44
2.6443 2.7077 63.3938 1.1183 313.2750 10.6478 2018/6/25 14:33:46
2.6443 2.7224 97.6069 1.1180 313.4000 13.2142 2018/6/25 14:33:48
2.6443 2.6931 97.6069 1.1177 313.4625 13.2159 2018/6/25 14:33:50
2.6443 2.7175 43.8435 1.1173 313.5875 8.8590 2018/6/25 14:33:52
2.6443 2.7322 58.5062 1.1171 313.6500 10.2346 2018/6/25 14:33:53
2.6443 2.7175 82.9442 1.1176 313.5250 12.1832 2018/6/25 14:33:55
2.6443 2.7468 73.1690 1.1176 313.5250 11.4430 2018/6/25 14:33:57
2.6443 2.7077 102.4945 1.1175 313.5250 13.5437 2018/6/25 14:33:59
2.6443 2.7175 68.2814 1.1173 313.6500 11.0557 2018/6/25 14:34:1
2.6443 2.6833 53.6187 1.1169 313.7125 9.7985 2018/6/25 14:34:3
2.6443 2.7419 68.2814 1.1171 313.7125 11.0564 2018/6/25 14:34:4
2.6443 2.6979 102.4945 1.1168 313.7750 13.5480 2018/6/25 14:34:6
2.6443 2.7566 68.2814 1.1166 313.8375 11.0589 2018/6/25 14:34:8
2.6443 2.7224 102.4945 1.1167 313.8375 13.5489 2018/6/25 14:34:10
2.6443 2.7370 78.0566 1.1166 313.9000 11.8244 2018/6/25 14:34:12
2.6443 2.6931 58.5062 1.1164 313.9000 10.2379 2018/6/25 14:34:14
2.6443 2.7224 102.4945 1.1167 313.8375 13.5486 2018/6/25 14:34:15
2.6443 2.7419 68.2814 1.1167 313.8375 11.0587 2018/6/25 14:34:17
2.6443 2.7370 48.7311 1.1171 313.6500 9.3405 2018/6/25 14:34:19
2.6443 2.7370 97.6069 1.1171 313.7125 13.2191 2018/6/25 14:34:21
2.6443 2.7322 82.9442 1.1172 313.7125 12.1852 2018/6/25 14:34:23
2.6443 2.7028 92.7193 1.1171 313.7125 12.8839 2018/6/25 14:34:25
2.6443 2.7175 53.6187 1.1177 313.5875 9.7953 2018/6/25 14:34:26
2.6443 2.7077 24.2932 1.1173 313.6500 6.5944 2018/6/25 14:34:28
2.6443 2.7273 68.2814 1.1173 313.5875 11.0556 2018/6/25 14:34:30
2.6443 2.6979 48.7311 1.1177 313.5250 9.3379 2018/6/25 14:34:32
2.6443 2.7664 78.0566 1.1178 313.5250 11.8176 2018/6/25 14:34:34
2.6443 2.7224 58.5062 1.1182 313.4625 10.2297 2018/6/25 14:34:36
2.6443 2.7175 112.2696 1.1183 313.4000 14.1697 2018/6/25 14:34:37
2.6443 2.7126 102.4945 1.1185 313.3375 13.5376 2018/6/25 14:34:39
2.6443 2.7077 43.8435 1.1187 313.2750 8.8533 2018/6/25 14:34:41
2.6443 2.6979 92.7193 1.1197 312.9625 12.8691 2018/6/25 14:34:43
2.6443 2.7468 48.7311 1.1197 312.9625 9.3299 2018/6/25 14:34:45
2.6443 2.7273 73.1690 1.1198 312.9625 11.4315 2018/6/25 14:34:47
2.6443 2.7468 48.7311 1.1196 313.0250 9.3301 2018/6/25 14:34:48
2.6443 2.7273 92.7193 1.1194 313.0875 12.8710 2018/6/25 14:34:50
2.6443 2.6833 78.0566 1.1195 313.0250 11.8091 2018/6/25 14:34:52
2.6443 2.7273 48.7311 1.1196 313.0250 9.3302 2018/6/25 14:34:54
2.6443 2.7370 53.6187 1.1192 313.1500 9.7887 2018/6/25 14:34:56
2.6443 2.7126 92.7193 1.1189 313.2125 12.8738 2018/6/25 14:34:58
2.6443 2.7370 48.7311 1.1187 313.2750 9.3340 2018/6/25 14:34:59
2.6443 2.7370 82.9442 1.1185 313.3375 12.1783 2018/6/25 14:35:1
2.6443 2.7224 53.6187 1.1185 313.3375 9.7918 2018/6/25 14:35:3
2.6443 2.7077 82.9442 1.1184 313.3375 12.1788 2018/6/25 14:35:5
2.6443 2.7517 92.7193 1.1184 313.4000 12.8765 2018/6/25 14:35:7
2.6443 2.6979 68.2814 1.1179 313.5250 11.0528 2018/6/25 14:35:9
2.6443 2.7224 78.0566 1.1174 313.6500 11.8197 2018/6/25 14:35:10
2.6443 2.7370 92.7193 1.1177 313.5875 12.8809 2018/6/25 14:35:12
2.6443 2.7077 82.9442 1.1174 313.6500 12.1844 2018/6/25 14:35:14
2.6443 2.7077 73.1690 1.1171 313.7125 11.4454 2018/6/25 14:35:16
2.6443 2.7175 29.1808 1.1170 313.7750 7.2283 2018/6/25 14:35:18
2.6443 2.7273 43.8435 1.1166 313.9000 8.8619 2018/6/25 14:35:20
2.6443 2.7322 63.3938 1.1161 314.0250 10.6581 2018/6/25 14:35:21
2.6443 2.7370 97.6069 1.1158 314.1500 13.2271 2018/6/25 14:35:23
2.6443 2.7224 53.6187 1.1158 314.1500 9.8033 2018/6/25 14:35:25
2.6443 2.6735 87.8317 1.1159 314.0875 12.5467 2018/6/25 14:35:27
2.6443 2.7126 97.6069 1.1162 314.0250 13.2248 2018/6/25 14:35:29
2.6443 2.7126 63.3938 1.1171 313.8375 10.6536 2018/6/25 14:35:31
2.6443 2.7370 78.0566 1.1173 313.7750 11.8204 2018/6/25 14:35:32
2.6443 2.7273 87.8317 1.1172 313.7750 12.5393 2018/6/25 14:35:34
2.6443 2.7370 48.7311 1.1175 313.7125 9.3390 2018/6/25 14:35:36
2.6443 2.7517 78.0566 1.1183 313.4625 11.8149 2018/6/25 14:35:38
2.6443 2.7126 58.5062 1.1194 313.0875 10.2239 2018/6/25 14:35:40
2.6443 2.6979 78.0566 1.1206 312.7750 11.8033 2018/6/25 14:35:42
2.6443 2.7273 58.5062 1.1211 312.6500 10.2163 2018/6/25 14:35:43
2.6443 2.7322 63.3938 1.1211 312.5875 10.6347 2018/6/25 14:35:45
2.6443 2.7077 87.8317 1.1211 312.5875 12.5175 2018/6/25 14:35:47
2.6443 2.6833 97.6069 1.1211 312.5875 13.1955 2018/6/25 14:35:49
2.6443 2.7175 43.8435 1.1208 312.6500 8.8451 2018/6/25 14:35:51
2.6443 2.7810 53.6187 1.1207 312.7125 9.7820 2018/6/25 14:35:53
2.6443 2.7224 78.0566 1.1203 312.8375 11.8046 2018/6/25 14:35:54
2.6443 2.7322 87.8317 1.1205 312.7750 12.5208 2018/6/25 14:35:56
2.6443 2.7077 68.2814 1.1203 312.8375 11.0406 2018/6/25 14:35:58
2.6443 2.7077 63.3938 1.1201 312.9000 10.6392 2018/6/25 14:36:0
2.6443 2.7273 58.5062 1.1200 312.9625 10.2215 2018/6/25 14:36:2
2.6443 2.7517 73.1690 1.1202 312.9000 11.4296 2018/6/25 14:36:4
2.6443 2.6931 87.8317 1.1200 312.9625 12.5239 2018/6/25 14:36:5
2.6443 2.6882 63.3938 1.1202 312.9000 10.6388 2018/6/25 14:36:7
2.6443 2.7273 117.1572 1.1200 312.9625 14.4643 2018/6/25 14:36:9
2.6443 2.7028 63.3938 1.1206 312.7750 10.6367 2018/6/25 14:36:11
2.6443 2.7126 82.9442 1.1209 312.7125 12.1655 2018/6/25 14:36:13
2.6443 2.7175 97.6069 1.1209 312.7125 13.1970 2018/6/25 14:36:15
2.6443 2.6882 53.6187 1.1215 312.5250 9.7784 2018/6/25 14:36:16
2.6443 2.7370 63.3938 1.1223 312.2750 10.6287 2018/6/25 14:36:18
2.6443 2.7419 87.8317 1.1221 312.3375 12.5120 2018/6/25 14:36:20
2.6443 2.7175 68.2814 1.1221 312.3375 11.0321 2018/6/25 14:36:22
2.6443 2.7224 73.1690 1.1220 312.4000 11.4204 2018/6/25 14:36:24
2.6443 2.7322 58.5062 1.1218 312.4000 10.2131 2018/6/25 14:36:26
2.6443 2.7273 63.3938 1.1215 312.5250 10.6327 2018/6/25 14:36:27
2.6443 2.7419 73.1690 1.1213 312.5875 11.4239 2018/6/25 14:36:29
2.6443 2.7322 48.7311 1.1213 312.5875 9.3232 2018/6/25 14:36:31
2.6443 2.7370 53.6187 1.1210 312.6500 9.7806 2018/6/25 14:36:33
2.6443 2.7419 48.7311 1.1211 312.6500 9.3240 2018/6/25 14:36:35
2.6443 2.7273 53.6187 1.1212 312.6500 9.7797 2018/6/25 14:36:37
2.6443 2.7273 112.2696 1.1208 312.7125 14.1540 2018/6/25 14:36:38
2.6443 2.7126 78.0566 1.1209 312.7125 11.8013 2018/6/25 14:36:40
2.6443 2.7028 63.3938 1.1208 312.7750 10.6359 2018/6/25 14:36:42
2.6443 2.7224 48.7311 1.1211 312.6500 9.3238 2018/6/25 14:36:44
2.6443 2.7224 58.5062 1.1209 312.7125 10.2173 2018/6/25 14:36:46
2.6443 2.7322 117.1572 1.1207 312.7750 14.4595 2018/6/25 14:36:48
2.6443 2.6979 73.1690 1.1203 312.9625 11.4292 2018/6/25 14:36:49
2.6443 2.7126 63.3938 1.1202 312.9625 10.6388 2018/6/25 14:36:51
2.6443 2.7028 102.4945 1.1200 313.0250 13.5287 2018/6/25 14:36:53
2.6443 2.7419 73.1690 1.1202 312.9625 11.4297 2018/6/25 14:36:55
2.6443 2.7077 63.3938 1.1205 312.8375 10.6372 2018/6/25 14:36:57
2.6443 2.7126 58.5062 1.1203 312.9000 10.2199 2018/6/25 14:36:59
2.6443 2.6833 97.6069 1.1203 312.9000 13.2006 2018/6/25 14:37:0
2.6443 2.7126 126.9324 1.1207 312.7750 15.0505 2018/6/25 14:37:2
2.6443 2.6979 48.7311 1.1207 312.7750 9.3257 2018/6/25 14:37:4
2.6443 2.6686 34.0683 1.1209 312.7125 7.7967 2018/6/25 14:37:6
2.6443 2.7175 73.1690 1.1216 312.5250 11.4225 2018/6/25 14:37:8
2.6443 2.6784 78.0566 1.1221 312.4000 11.7950 2018/6/25 14:37:10
2.6443 2.7126 58.5062 1.1221 312.4000 10.2117 2018/6/25 14:37:11
2.6443 2.7370 82.9442 1.1217 312.4625 12.1609 2018/6/25 14:37:13
2.6443 2.6931 48.7311 1.1216 312.5250 9.3216 2018/6/25 14:37:15
2.6443 2.7370 53.6187 1.1218 312.4625 9.7772 2018/6/25 14:37:17
2.6443 2.7028 53.6187 1.1218 312.4625 9.7770 2018/6/25 14:37:19
2.6443 2.7028 87.8317 1.1219 312.4625 12.5130 2018/6/25 14:37:21
2.6443 2.7322 73.1690 1.1222 312.3375 11.4192 2018/6/25 14:37:22
2.6443 2.7517 73.1690 1.1223 312.3375 11.4189 2018/6/25 14:37:24
2.6443 2.7077 58.5062 1.1227 312.2125 10.2092 2018/6/25 14:37:26
2.6443 2.7273 92.7193 1.1222 312.3375 12.8550 2018/6/25 14:37:28
2.6443 2.7322 68.2814 1.1222 312.3375 11.0312 2018/6/25 14:37:30
2.6443 2.6931 53.6187 1.1224 312.2750 9.7746 2018/6/25 14:37:32
2.6443 2.7273 73.1690 1.1221 312.4000 11.4201 2018/6/25 14:37:33
2.6443 2.7126 82.9442 1.1220 312.4625 12.1596 2018/6/25 14:37:35
2.6443 2.7615 63.3938 1.1213 312.5875 10.6334 2018/6/25 14:37:37
2.6443 2.7273 53.6187 1.1213 312.6500 9.7794 2018/6/25 14:37:39
2.6443 2.7468 53.6187 1.1212 312.7125 9.7799 2018/6/25 14:37:41
2.6443 2.7028 43.8435 1.1208 312.8375 8.8453 2018/6/25 14:37:42
2.6443 2.7419 107.3821 1.1204 312.9625 13.8453 2018/6/25 14:37:44
2.6443 2.7077 107.3821 1.1202 313.0250 13.8464 2018/6/25 14:37:46
2.6443 2.7224 78.0566 1.1200 313.0250 11.8060 2018/6/25 14:37:48
2.6443 2.7126 73.1690 1.1199 313.0875 11.4310 2018/6/25 14:37:50
2.6443 2.6833 73.1690 1.1198 313.1500 11.4318 2018/6/25 14:37:52
2.6443 2.6931 87.8317 1.1197 313.1500 12.5252 2018/6/25 14:37:53
2.6443 2.6735 78.0566 1.1195 313.2125 11.8089 2018/6/25 14:37:55
2.6443 2.6979 43.8435 1.1195 313.2125 8.8503 2018/6/25 14:37:57
2.6443 2.7224 63.3938 1.1193 313.2750 10.6428 2018/6/25 14:37:59
2.6443 2.7322 63.3938 1.1192 313.3375 10.6437 2018/6/25 14:38:1
2.6443 2.6931 68.2814 1.1189 313.4000 11.0474 2018/6/25 14:38:3
2.6443 2.7370 78.0566 1.1188 313.4000 11.8123 2018/6/25 14:38:4
2.6443 2.7126 58.5062 1.1192 313.3375 10.2251 2018/6/25 14:38:6
2.6443 2.7322 63.3938 1.1191 313.3375 10.6439 2018/6/25 14:38:8
2.6443 2.7273 38.9559 1.1191 313.3375 8.3437 2018/6/25 14:38:10
2.6443 2.7370 87.8317 1.1189 313.4000 12.5296 2018/6/25 14:38:12
2.6443 2.7322 82.9442 1.1187 313.4625 12.1773 2018/6/25 14:38:14
2.6443 2.7126 38.9559 1.1187 313.4625 8.3454 2018/6/25 14:38:15
2.6443 2.7224 78.0566 1.1185 313.5250 11.8139 2018/6/25 14:38:17
2.6443 2.6784 87.8317 1.1183 313.5875 12.5333 2018/6/25 14:38:19
2.6443 2.7126 53.6187 1.1183 313.5875 9.7926 2018/6/25 14:38:21
2.6443 2.7370 82.9442 1.1183 313.5875 12.1797 2018/6/25 14:38:23
2.6443 2.7028 43.8435 1.1183 313.5875 8.8551 2018/6/25 14:38:25
2.6443 2.7419 53.6187 1.1183 313.5875 9.7924 2018/6/25 14:38:26
2.6443 2.7322 78.0566 1.1181 313.6500 11.8164 2018/6/25 14:38:28
2.6443 2.7175 63.3938 1.1183 313.5875 10.6476 2018/6/25 14:38:30
2.6443 2.7273 63.3938 1.1183 313.5875 10.6478 2018/6/25 14:38:32
2.6443 2.6882 58.5062 1.1182 313.6500 10.2294 2018/6/25 14:38:34
2.6443 2.7028 87.8317 1.1182 313.6500 12.5338 2018/6/25 14:38:36
2.6443 2.7126 58.5062 1.1181 313.6500 10.2300 2018/6/25 14:38:37
2.6443 2.7028 97.6069 1.1177 313.7750 13.2156 2018/6/25 14:38:39
2.6443 2.7028 43.8435 1.1178 313.7750 8.8570 2018/6/25 14:38:41
2.6443 2.6931 48.7311 1.1177 313.7750 9.3382 2018/6/25 14:38:43
2.6443 2.7322 78.0566 1.1178 313.7750 11.8179 2018/6/25 14:38:45
2.6443 2.7322 82.9442 1.1175 313.8375 12.1836 2018/6/25 14:38:47
2.6443 2.7224 58.5062 1.1175 313.8375 10.2326 2018/6/25 14:38:48
2.6443 2.7322 73.1690 1.1174 313.9000 11.4441 2018/6/25 14:38:50
2.6443 2.6979 43.8435 1.1173 313.9000 8.8588 2018/6/25 14:38:52
2.6443 2.7028 73.1690 1.1173 313.9000 11.4443 2018/6/25 14:38:54
2.6443 2.7419 68.2814 1.1170 314.0250 11.0572 2018/6/25 14:38:56
2.6443 2.7370 43.8435 1.1167 314.0875 8.8612 2018/6/25 14:38:58
2.6443 2.7322 82.9442 1.1163 314.2125 12.1904 2018/6/25 14:38:59
2.6443 2.7028 73.1690 1.1159 314.2750 11.4514 2018/6/25 14:39:1
2.6443 2.7322 73.1690 1.1159 314.3375 11.4517 2018/6/25 14:39:3
2.6443 2.6686 63.3938 1.1156 314.4000 10.6607 2018/6/25 14:39:5
2.6443 2.7517 58.5062 1.1156 314.4000 10.2416 2018/6/25 14:39:7
2.6443 2.6833 82.9442 1.1157 314.4000 12.1936 2018/6/25 14:39:9
2.6443 2.7175 87.8317 1.1155 314.4625 12.5492 2018/6/25 14:39:10
2.6443 2.7322 78.0566 1.1150 314.5875 11.8328 2018/6/25 14:39:12
2.6443 2.7175 107.3821 1.1150 314.5875 13.8785 2018/6/25 14:39:14
2.6443 2.7028 63.3938 1.1154 314.4625 10.6618 2018/6/25 14:39:16
2.6443 2.6931 82.9442 1.1154 314.4625 12.1951 2018/6/25 14:39:18
2.6443 2.6882 87.8317 1.1154 314.4625 12.5494 2018/6/25 14:39:20
2.6443 2.7224 58.5062 1.1154 314.4625 10.2424 2018/6/25 14:39:21
2.6443 2.6931 48.7311 1.1157 314.4000 9.3466 2018/6/25 14:39:23
2.6443 2.7028 92.7193 1.1157 314.4000 12.8922 2018/6/25 14:39:25
2.6443 2.7175 102.4945 1.1162 314.2750 13.5517 2018/6/25 14:39:27
2.6443 2.7224 48.7311 1.1176 313.9000 9.3385 2018/6/25 14:39:29
2.6443 2.7028 53.6187 1.1181 313.7125 9.7932 2018/6/25 14:39:31
2.6443 2.6833 63.3938 1.1183 313.6500 10.6478 2018/6/25 14:39:32
2.6443 2.6979 63.3938 1.1186 313.5875 10.6465 2018/6/25 14:39:34
2.6443 2.6833 53.6187 1.1185 313.5875 9.7916 2018/6/25 14:39:36
2.6443 2.7126 82.9442 1.1183 313.6500 12.1792 2018/6/25 14:39:38
2.6443 2.7322 82.9442 1.1190 313.4625 12.1757 2018/6/25 14:39:40
2.6443 2.6931 48.7311 1.1193 313.3375 9.3314 2018/6/25 14:39:42
2.6443 2.6979 78.0566 1.1191 313.4000 11.8107 2018/6/25 14:39:43
2.6443 2.7126 102.4945 1.1191 313.4000 13.5339 2018/6/25 14:39:45
2.6443 2.7175 102.4945 1.1191 313.4000 13.5338 2018/6/25 14:39:47
2.6443 2.6979 63.3938 1.1191 313.4000 10.6440 2018/6/25 14:39:49
2.6443 2.7175 102.4945 1.1189 313.4625 13.5351 2018/6/25 14:39:51
2.6443 2.7126 58.5062 1.1189 313.4625 10.2264 2018/6/25 14:39:53
2.6443 2.7273 78.0566 1.1188 313.4625 11.8124 2018/6/25 14:39:54
2.6443 2.7224 53.6187 1.1189 313.4625 9.7899 2018/6/25 14:39:56
2.6443 2.7077 43.8435 1.1189 313.4625 8.8525 2018/6/25 14:39:58
2.6443 2.7761 53.6187 1.1188 313.5250 9.7905 2018/6/25 14:40:0
2.6443 2.7224 63.3938 1.1185 313.5875 10.6467 2018/6/25 14:40:2
2.6443 2.7077 68.2814 1.1184 313.6500 11.0501 2018/6/25 14:40:4
2.6443 2.7322 73.1690 1.1181 313.7125 11.4404 2018/6/25 14:40:5
2.6443 2.7273 82.9442 1.1182 313.7125 12.1800 2018/6/25 14:40:7
2.6443 2.7370 82.9442 1.1178 313.8375 12.1823 2018/6/25 14:40:9
2.6443 2.7077 82.9442 1.1176 313.9000 12.1833 2018/6/25 14:40:11
2.6443 2.6882 63.3938 1.1177 313.9000 10.6509 2018/6/25 14:40:13
2.6443 2.6931 58.5062 1.1173 313.9625 10.2335 2018/6/25 14:40:15
2.6443 2.7224 43.8435 1.1170 314.0875 8.8600 2018/6/25 14:40:16
2.6443 2.7322 63.3938 1.1166 314.1500 10.6557 2018/6/25 14:40:18
2.6443 2.7273 112.2696 1.1166 314.2125 14.1808 2018/6/25 14:40:20
2.6443 2.7517 117.1572 1.1163 314.2750 14.4883 2018/6/25 14:40:22
2.6443 2.7468 102.4945 1.1163 314.2750 13.5510 2018/6/25 14:40:24
2.6443 2.7028 117.1572 1.1160 314.3375 14.4897 2018/6/25 14:40:26
2.6443 2.7028 78.0566 1.1158 314.4000 11.8282 2018/6/25 14:40:27
2.6443 2.7224 34.0683 1.1162 314.3375 7.8131 2018/6/25 14:40:29
2.6443 2.7028 97.6069 1.1162 314.3375 13.2246 2018/6/25 14:40:31
2.6443 2.7273 87.8317 1.1161 314.3375 12.5456 2018/6/25 14:40:33
2.6443 2.7322 68.2814 1.1162 314.2750 11.0610 2018/6/25 14:40:35
2.6443 2.7224 78.0566 1.1168 314.1500 11.8231 2018/6/25 14:40:37
2.6443 2.7224 43.8435 1.1169 314.0875 8.8604 2018/6/25 14:40:38
2.6443 2.7273 63.3938 1.1167 314.1500 10.6552 2018/6/25 14:40:40
2.6443 2.7126 53.6187 1.1166 314.2125 9.8002 2018/6/25 14:40:42
2.6443 2.7028 58.5062 1.1165 314.2125 10.2373 2018/6/25 14:40:44
2.6443 2.6931 68.2814 1.1177 313.9000 11.0537 2018/6/25 14:40:46
2.6443 2.7126 82.9442 1.1190 313.5250 12.1757 2018/6/25 14:40:48
2.6443 2.7224 38.9559 1.1195 313.3375 8.3423 2018/6/25 14:40:49
2.6443 2.7175 48.7311 1.1206 313.0250 9.3260 2018/6/25 14:40:51
2.6443 2.7077 78.0566 1.1218 312.6500 11.7965 2018/6/25 14:40:53
2.6443 2.6784 97.6069 1.1224 312.4625 13.1879 2018/6/25 14:40:55
2.6443 2.7370 58.5062 1.1228 312.4000 10.2086 2018/6/25 14:40:57
2.6443 2.7273 97.6069 1.1226 312.4000 13.1869 2018/6/25 14:40:59
2.6443 2.7419 82.9442 1.1229 312.3375 12.1545 2018/6/25 14:41:0
2.6443 2.6882 82.9442 1.1226 312.4000 12.1560 2018/6/25 14:41:2
2.6443 2.6979 82.9442 1.1229 312.3375 12.1543 2018/6/25 14:41:4
2.6443 2.6931 63.3938 1.1227 312.4000 10.6267 2018/6/25 14:41:6
2.6443 2.7419 87.8317 1.1230 312.3375 12.5067 2018/6/25 14:41:8
2.6443 2.6882 78.0566 1.1234 312.2125 11.7882 2018/6/25 14:41:10
2.6443 2.7273 87.8317 1.1236 312.1500 12.5033 2018/6/25 14:41:11
2.6443 2.6979 68.2814 1.1233 312.2750 11.0261 2018/6/25 14:41:13
2.6443 2.7175 97.6069 1.1232 312.2750 13.1831 2018/6/25 14:41:15
2.6443 2.6882 107.3821 1.1228 312.4000 13.8303 2018/6/25 14:41:17
2.6443 2.7370 68.2814 1.1223 312.5250 11.0308 2018/6/25 14:41:19
2.6443 2.7322 63.3938 1.1221 312.5875 10.6295 2018/6/25 14:41:21
2.6443 2.7175 53.6187 1.1217 312.7125 9.7776 2018/6/25 14:41:22
2.6443 2.7028 112.2696 1.1213 312.8375 14.1508 2018/6/25 14:41:24
2.6443 2.7370 122.0448 1.1213 312.8375 14.7542 2018/6/25 14:41:26
2.6443 2.7126 107.3821 1.1213 312.7750 13.8393 2018/6/25 14:41:28
2.6443 2.7077 73.1690 1.1216 312.7125 11.4225 2018/6/25 14:41:30
2.6443 2.7322 87.8317 1.1214 312.7750 12.5160 2018/6/25 14:41:31
2.6443 2.7419 82.9442 1.1210 312.9000 12.1647 2018/6/25 14:41:33
2.6443 2.6784 63.3938 1.1215 312.7125 10.6326 2018/6/25 14:41:35
2.6443 2.7468 58.5062 1.1215 312.7750 10.2145 2018/6/25 14:41:37
2.6443 2.7175 73.1690 1.1211 312.9000 11.4251 2018/6/25 14:41:39
2.6443 2.6979 68.2814 1.1210 312.9625 11.0374 2018/6/25 14:41:41
2.6443 2.7077 73.1690 1.1205 313.0875 11.4280 2018/6/25 14:41:42
2.6443 2.7419 53.6187 1.1204 313.1500 9.7834 2018/6/25 14:41:44
2.6443 2.7370 87.8317 1.1206 313.0250 12.5202 2018/6/25 14:41:46
2.6443 2.7126 53.6187 1.1208 312.9625 9.7817 2018/6/25 14:41:48
2.6443 2.7175 97.6069 1.1211 312.9000 13.1959 2018/6/25 14:41:50
2.6443 2.7273 68.2814 1.1213 312.8375 11.0356 2018/6/25 14:41:52
2.6443 2.7028 48.7311 1.1212 312.9000 9.3236 2018/6/25 14:41:53
2.6443 2.7517 53.6187 1.1214 312.8375 9.7788 2018/6/25 14:41:55
2.6443 2.7322 38.9559 1.1217 312.7125 8.3340 2018/6/25 14:41:57
2.6443 2.7028 43.8435 1.1223 312.5875 8.8393 2018/6/25 14:41:59
2.6443 2.7175 82.9442 1.1230 312.4000 12.1541 2018/6/25 14:42:1
2.6443 2.7419 63.3938 1.1228 312.4000 10.6263 2018/6/25 14:42:3
2.6443 2.7370 78.0566 1.1232 312.2750 11.7893 2018/6/25 14:42:4
2.6443 2.6882 53.6187 1.1231 312.3375 9.7717 2018/6/25 14:42:6
2.6443 2.7273 78.0566 1.1229 312.3375 11.7907 2018/6/25 14:42:8
2.6443 2.7273 78.0566 1.1227 312.4000 11.7920 2018/6/25 14:42:10
2.6443 2.7370 68.2814 1.1228 312.4000 11.0286 2018/6/25 14:42:12
2.6443 2.7370 58.5062 1.1226 312.4625 10.2097 2018/6/25 14:42:14
2.6443 2.7224 92.7193 1.1222 312.5875 12.8550 2018/6/25 14:42:15
2.6443 2.6784 68.2814 1.1220 312.7125 11.0326 2018/6/25 14:42:17
2.6443 2.7273 43.8435 1.1215 312.7750 8.8422 2018/6/25 14:42:19
2.6443 2.7419 73.1690 1.1212 312.9000 11.4247 2018/6/25 14:42:21
2.6443 2.7126 82.9442 1.1212 312.9000 12.1637 2018/6/25 14:42:23
2.6443 2.7322 102.4945 1.1212 312.9000 13.5214 2018/6/25 14:42:25
2.6443 2.6979 63.3938 1.1207 313.0250 10.6364 2018/6/25 14:42:26
2.6443 2.7273 58.5062 1.1205 313.0875 10.2191 2018/6/25 14:42:28
2.6443 2.7126 73.1690 1.1205 313.0875 11.4280 2018/6/25 14:42:30
2.6443 2.7126 82.9442 1.1205 313.0875 12.1676 2018/6/25 14:42:32
2.6443 2.7224 38.9559 1.1205 313.0875 8.3387 2018/6/25 14:42:34
2.6443 2.7175 73.1690 1.1202 313.2125 11.4298 2018/6/25 14:42:36
2.6443 2.7175 78.0566 1.1199 313.2750 11.8065 2018/6/25 14:42:37
2.6443 2.6833 97.6069 1.1200 313.2750 13.2024 2018/6/25 14:42:39
2.6443 2.7566 68.2814 1.1200 313.2750 11.0422 2018/6/25 14:42:41
2.6443 2.7322 78.0566 1.1200 313.2750 11.8064 2018/6/25 14:42:43
2.6443 2.6833 73.1690 1.1200 313.2750 11.4304 2018/6/25 14:42:45
2.6443 2.7224 82.9442 1.1198 313.3375 12.1712 2018/6/25 14:42:47
2.6443 2.7419 78.0566 1.1202 313.2125 11.8050 2018/6/25 14:42:48
2.6443 2.7224 87.8317 1.1203 313.2125 12.5222 2018/6/25 14:42:50
2.6443 2.7370 73.1690 1.1200 313.2750 11.4306 2018/6/25 14:42:52
2.6443 2.7175 97.6069 1.1202 313.2125 13.2008 2018/6/25 14:42:54
2.6443 2.7028 73.1690 1.1205 313.0875 11.4278 2018/6/25 14:42:56
2.6443 2.7175 78.0566 1.1204 313.1500 11.8042 2018/6/25 14:42:58
2.6443 2.7273 87.8317 1.1200 313.2750 12.5236 2018/6/25 14:42:59
2.6443 2.7175 68.2814 1.1200 313.2750 11.0423 2018/6/25 14:43:1
2.6443 2.7322 48.7311 1.1198 313.3375 9.3293 2018/6/25 14:43:3
2.6443 2.7322 63.3938 1.1205 313.1500 10.6374 2018/6/25 14:43:5
2.6443 2.7175 53.6187 1.1202 313.2125 9.7841 2018/6/25 14:43:7
2.6443 2.7077 73.1690 1.1200 313.2750 11.4308 2018/6/25 14:43:9
2.6443 2.6931 107.3821 1.1198 313.3375 13.8488 2018/6/25 14:43:10
2.6443 2.7028 78.0566 1.1196 313.4000 11.8085 2018/6/25 14:43:12
2.6443 2.7077 73.1690 1.1194 313.4625 11.4335 2018/6/25 14:43:14
2.6443 2.7175 14.5180 1.1197 313.4000 5.0923 2018/6/25 14:43:16
2.6443 2.7273 73.1690 1.1199 313.2750 11.4309 2018/6/25 14:43:18
2.6443 2.7028 48.7311 1.1202 313.2125 9.3275 2018/6/25 14:43:20
2.6443 2.7322 78.0566 1.1200 313.2750 11.8060 2018/6/25 14:43:21
2.6443 2.7028 122.0448 1.1198 313.3375 14.7638 2018/6/25 14:43:23
2.6443 2.6833 87.8317 1.1200 313.2750 12.5238 2018/6/25 14:43:25
2.6443 2.6979 68.2814 1.1198 313.3375 11.0430 2018/6/25 14:43:27
2.6443 2.6979 87.8317 1.1196 313.4000 12.5257 2018/6/25 14:43:29
2.6443 2.7322 141.5951 1.1196 313.4000 15.9040 2018/6/25 14:43:31
2.6443 2.7273 53.6187 1.1195 313.4625 9.7873 2018/6/25 14:43:32
2.6443 2.6931 53.6187 1.1195 313.4625 9.7874 2018/6/25 14:43:34
2.6443 2.7126 38.9559 1.1196 313.4000 8.3420 2018/6/25 14:43:36
2.6443 2.7126 58.5062 1.1200 313.2750 10.2215 2018/6/25 14:43:38
2.6443 2.7273 53.6187 1.1202 313.2125 9.7841 2018/6/25 14:43:40
2.6443 2.7028 92.7193 1.1201 313.2750 12.8670 2018/6/25 14:43:42
2.6443 2.7175 87.8317 1.1199 313.3375 12.5245 2018/6/25 14:43:43
2.6443 2.7273 107.3821 1.1198 313.3375 13.8486 2018/6/25 14:43:45
2.6443 2.7322 78.0566 1.1199 313.3375 11.8069 2018/6/25 14:43:47
2.6443 2.7322 117.1572 1.1195 313.4625 14.4676 2018/6/25 14:43:49
2.6443 2.7273 82.9442 1.1193 313.5250 12.1738 2018/6/25 14:43:51
2.6443 2.7028 34.0683 1.1197 313.4000 7.8007 2018/6/25 14:43:53
2.6443 2.7322 63.3938 1.1202 313.2750 10.6389 2018/6/25 14:43:54
2.6443 2.7322 43.8435 1.1200 313.3375 8.8484 2018/6/25 14:43:56
2.6443 2.6979 78.0566 1.1202 313.2125 11.8050 2018/6/25 14:43:58
2.6443 2.7224 53.6187 1.1204 313.2125 9.7831 2018/6/25 14:44:0
2.6443 2.7028 82.9442 1.1204 313.2125 12.1680 2018/6/25 14:44:2
2.6443 2.7175 73.1690 1.1200 313.3375 11.4307 2018/6/25 14:44:4
2.6443 2.7273 102.4945 1.1202 313.2750 13.5275 2018/6/25 14:44:5
2.6443 2.7419 38.9559 1.1204 313.2125 8.3391 2018/6/25 14:44:7
2.6443 2.7175 107.3821 1.1206 313.1500 13.8437 2018/6/25 14:44:9
2.6443 2.7077 73.1690 1.1208 313.0875 11.4267 2018/6/25 14:44:11
2.6443 2.7028 78.0566 1.1209 313.0875 11.8016 2018/6/25 14:44:13
2.6443 2.6882 63.3938 1.1209 313.0875 10.6355 2018/6/25 14:44:15
2.6443 2.6784 43.8435 1.1206 313.1500 8.8459 2018/6/25 14:44:16
2.6443 2.7175 82.9442 1.1207 313.1500 12.1666 2018/6/25 14:44:18
2.6443 2.6931 38.9559 1.1209 313.0875 8.3372 2018/6/25 14:44:20
2.6443 2.7175 58.5062 1.1207 313.1500 10.2180 2018/6/25 14:44:22
2.6443 2.7224 87.8317 1.1207 313.1500 12.5196 2018/6/25 14:44:24
2.6443 2.7322 58.5062 1.1207 313.1500 10.2180 2018/6/25 14:44:26
2.6443 2.7322 48.7311 1.1211 313.0250 9.3239 2018/6/25 14:44:27
2.6443 2.6735 112.2696 1.1209 313.0875 14.1536 2018/6/25 14:44:29
2.6443 2.7126 78.0566 1.1207 313.1500 11.8027 2018/6/25 14:44:31
2.6443 2.7322 58.5062 1.1203 313.2750 10.2201 2018/6/25 14:44:33
2.6443 2.7028 58.5062 1.1206 313.2125 10.2188 2018/6/25 14:44:35
2.6443 2.7175 58.5062 1.1209 313.0875 10.2171 2018/6/25 14:44:37
2.6443 2.6588 48.7311 1.1219 312.7750 9.3204 2018/6/25 14:44:38
2.6443 2.6979 63.3938 1.1231 312.4625 10.6248 2018/6/25 14:44:40
2.6443 2.7370 48.7311 1.1239 312.2125 9.3121 2018/6/25 14:44:42
2.6443 2.7273 102.4945 1.1241 312.1500 13.5038 2018/6/25 14:44:44
2.6443 2.7370 82.9442 1.1242 312.1500 12.1477 2018/6/25 14:44:46
2.6443 2.7077 78.0566 1.1241 312.1500 11.7849 2018/6/25 14:44:48
2.6443 2.7126 34.0683 1.1243 312.0875 7.7847 2018/6/25 14:44:49
2.6443 2.7028 58.5062 1.1250 311.9000 10.1987 2018/6/25 14:44:51
2.6443 2.6931 53.6187 1.1248 311.9625 9.7642 2018/6/25 14:44:53
2.6443 2.6979 48.7311 1.1242 312.1500 9.3111 2018/6/25 14:44:55
2.6443 2.7273 58.5062 1.1239 312.2125 10.2034 2018/6/25 14:44:57
2.6443 2.7370 82.9442 1.1237 312.2750 12.1500 2018/6/25 14:44:59
2.6443 2.7224 82.9442 1.1235 312.3375 12.1511 2018/6/25 14:45:0
2.6443 2.7370 63.3938 1.1236 312.3375 10.6227 2018/6/25 14:45:2
2.6443 2.7322 43.8435 1.1242 312.1500 8.8317 2018/6/25 14:45:4
2.6443 2.7273 48.7311 1.1242 312.1500 9.3110 2018/6/25 14:45:6
2.6443 2.7322 68.2814 1.1243 312.1500 11.0211 2018/6/25 14:45:8
2.6443 2.7419 78.0566 1.1242 312.1500 11.7841 2018/6/25 14:45:10
2.6443 2.7175 87.8317 1.1243 312.1500 12.4998 2018/6/25 14:45:11
2.6443 2.7370 43.8435 1.1249 311.9625 8.8289 2018/6/25 14:45:13
2.6443 2.7322 82.9442 1.1260 311.6500 12.1378 2018/6/25 14:45:15
2.6443 2.6882 92.7193 1.1263 311.5875 12.8316 2018/6/25 14:45:17
2.6443 2.7077 58.5062 1.1262 311.5875 10.1932 2018/6/25 14:45:19
2.6443 2.7517 73.1690 1.1262 311.5875 11.3989 2018/6/25 14:45:21
2.6443 2.7028 73.1690 1.1265 311.5250 11.3977 2018/6/25 14:45:22
2.6443 2.7175 112.2696 1.1262 311.5875 14.1201 2018/6/25 14:45:24
2.6443 2.6784 68.2814 1.1257 311.7125 11.0140 2018/6/25 14:45:26
2.6443 2.6979 87.8317 1.1256 311.7750 12.4925 2018/6/25 14:45:28
2.6443 2.7126 107.3821 1.1255 311.7750 13.8134 2018/6/25 14:45:30
2.6443 2.7126 43.8435 1.1252 311.9000 8.8279 2018/6/25 14:45:31
2.6443 2.7175 68.2814 1.1252 311.9000 11.0167 2018/6/25 14:45:33
2.6443 2.7028 102.4945 1.1252 311.9000 13.4975 2018/6/25 14:45:35
2.6443 2.7370 92.7193 1.1252 311.9000 12.8379 2018/6/25 14:45:37
2.6443 2.7175 58.5062 1.1251 311.9000 10.1981 2018/6/25 14:45:39
2.6443 2.7517 87.8317 1.1247 312.0250 12.4977 2018/6/25 14:45:41
2.6443 2.7468 82.9442 1.1243 312.1500 12.1471 2018/6/25 14:45:42
2.6443 2.7322 48.7311 1.1239 312.2750 9.3122 2018/6/25 14:45:44
2.6443 2.7077 78.0566 1.1238 312.2750 11.7862 2018/6/25 14:45:46
2.6443 2.7028 63.3938 1.1234 312.4000 10.6237 2018/6/25 14:45:48
2.6443 2.7273 68.2814 1.1232 312.4625 11.0266 2018/6/25 14:45:50
2.6443 2.7126 38.9559 1.1231 312.5250 8.3291 2018/6/25 14:45:52
2.6443 2.7273 73.1690 1.1233 312.4625 11.4138 2018/6/25 14:45:53
2.6443 2.7370 48.7311 1.1229 312.5875 9.3162 2018/6/25 14:45:55
2.6443 2.7126 82.9442 1.1224 312.7125 12.1573 2018/6/25 14:45:57
2.6443 2.7322 68.2814 1.1219 312.8375 11.0329 2018/6/25 14:45:59
2.6443 2.7028 48.7311 1.1217 312.9000 9.3212 2018/6/25 14:46:1
2.6443 2.7077 73.1690 1.1215 312.9625 11.4230 2018/6/25 14:46:3
2.6443 2.7077 48.7311 1.1213 313.0250 9.3229 2018/6/25 14:46:4
2.6443 2.6979 58.5062 1.1211 313.0875 10.2165 2018/6/25 14:46:6
2.6443 2.7175 19.4056 1.1212 313.0875 5.8836 2018/6/25 14:46:8
2.6443 2.7028 43.8435 1.1206 313.2125 8.8458 2018/6/25 14:46:10
2.6443 2.7419 68.2814 1.1206 313.2125 11.0393 2018/6/25 14:46:12
2.6443 2.7028 34.0683 1.1205 313.2750 7.7982 2018/6/25 14:46:14
2.6443 2.7028 43.8435 1.1201 313.4000 8.8479 2018/6/25 14:46:15
2.6443 2.7419 48.7311 1.1203 313.3375 9.3272 2018/6/25 14:46:17
2.6443 2.7273 34.0683 1.1208 313.1500 7.7968 2018/6/25 14:46:19
2.6443 2.7273 63.3938 1.1207 313.2125 10.6363 2018/6/25 14:46:21
2.6443 2.7077 58.5062 1.1209 313.1500 10.2174 2018/6/25 14:46:23
2.6443 2.7468 38.9559 1.1210 313.0875 8.3370 2018/6/25 14:46:25
2.6443 2.7077 87.8317 1.1214 312.9625 12.5158 2018/6/25 14:46:26
2.6443 2.7028 73.1690 1.1214 312.9625 11.4233 2018/6/25 14:46:28
2.6443 2.7126 73.1690 1.1212 313.0250 11.4246 2018/6/25 14:46:30
2.6443 2.7468 107.3821 1.1216 312.9000 13.8377 2018/6/25 14:46:32
2.6443 2.7028 58.5062 1.1222 312.7125 10.2115 2018/6/25 14:46:34
2.6443 2.7077 73.1690 1.1227 312.5875 11.4171 2018/6/25 14:46:36
2.6443 2.7664 73.1690 1.1233 312.4000 11.4136 2018/6/25 14:46:37
2.6443 2.7126 58.5062 1.1233 312.4000 10.2063 2018/6/25 14:46:39
2.6443 2.7370 78.0566 1.1234 312.4000 11.7885 2018/6/25 14:46:41
2.6443 2.7322 48.7311 1.1233 312.4000 9.3148 2018/6/25 14:46:43
2.6443 2.6931 53.6187 1.1235 312.3375 9.7699 2018/6/25 14:46:45
2.6443 2.6882 68.2814 1.1235 312.3375 11.0248 2018/6/25 14:46:47
2.6443 2.7322 117.1572 1.1235 312.3375 14.4414 2018/6/25 14:46:48
2.6443 2.7322 73.1690 1.1233 312.4000 11.4139 2018/6/25 14:46:50
2.6443 2.7468 73.1690 1.1229 312.5250 11.4158 2018/6/25 14:46:52
2.6443 2.6979 82.9442 1.1222 312.7125 12.1584 2018/6/25 14:46:54
2.6443 2.7224 58.5062 1.1219 312.7750 10.2125 2018/6/25 14:46:56
2.6443 2.6931 107.3821 1.1218 312.8375 13.8364 2018/6/25 14:46:58
2.6443 2.6784 78.0566 1.1215 312.9000 11.7983 2018/6/25 14:46:59
2.6443 2.7419 58.5062 1.1214 312.9625 10.2152 2018/6/25 14:47:1
2.6443 2.7322 78.0566 1.1210 313.0875 11.8008 2018/6/25 14:47:3
2.6443 2.7175 58.5062 1.1212 313.0250 10.2160 2018/6/25 14:47:5
2.6443 2.7322 53.6187 1.1213 312.9625 9.7793 2018/6/25 14:47:7
2.6443 2.7175 43.8435 1.1216 312.9000 8.8421 2018/6/25 14:47:9
2.6443 2.7224 68.2814 1.1225 312.6500 11.0301 2018/6/25 14:47:10
2.6443 2.6882 9.6302 1.1225 312.6500 4.1423 2018/6/25 14:47:12
2.6443 2.7224 92.7193 1.1224 312.6500 12.8535 2018/6/25 14:47:14
2.6443 2.7517 68.2814 1.1227 312.5875 11.0287 2018/6/25 14:47:16
2.6443 2.7126 53.6187 1.1228 312.5875 9.7730 2018/6/25 14:47:18
2.6443 2.6882 58.5062 1.1230 312.5250 10.2076 2018/6/25 14:47:20
2.6443 2.6882 78.0566 1.1229 312.5250 11.7908 2018/6/25 14:47:21
2.6443 2.7370 38.9559 1.1232 312.4625 8.3286 2018/6/25 14:47:23
2.6443 2.7419 73.1690 1.1234 312.4000 11.4131 2018/6/25 14:47:25
2.6443 2.7175 53.6187 1.1233 312.4000 9.7705 2018/6/25 14:47:27
2.6443 2.7322 68.2814 1.1236 312.3375 11.0245 2018/6/25 14:47:29
2.6443 2.7273 82.9442 1.1232 312.4625 12.1527 2018/6/25 14:47:31
2.6443 2.7077 92.7193 1.1233 312.4625 12.8487 2018/6/25 14:47:32
2.6443 2.7468 92.7193 1.1237 312.3375 12.8464 2018/6/25 14:47:34
2.6443 2.7273 43.8435 1.1243 312.1500 8.8315 2018/6/25 14:47:36
2.6443 2.7028 87.8317 1.1244 312.1500 12.4993 2018/6/25 14:47:38
2.6443 2.7322 58.5062 1.1246 312.0875 10.2005 2018/6/25 14:47:40
2.6443 2.7175 73.1690 1.1246 312.0875 11.4073 2018/6/25 14:47:42
2.6443 2.7468 43.8435 1.1246 312.0875 8.8303 2018/6/25 14:47:43
2.6443 2.7126 82.9442 1.1248 312.0250 12.1443 2018/6/25 14:47:45
2.6443 2.7126 34.0683 1.1246 312.0875 7.7839 2018/6/25 14:47:47
2.6443 2.7077 78.0566 1.1248 312.0250 11.7809 2018/6/25 14:47:49
2.6443 2.7077 82.9442 1.1248 312.0250 12.1442 2018/6/25 14:47:51
2.6443 2.7322 53.6187 1.1246 312.0875 9.7651 2018/6/25 14:47:53
2.6443 2.7419 73.1690 1.1248 312.0250 11.4061 2018/6/25 14:47:54
2.6443 2.7224 68.2814 1.1247 312.0875 11.0192 2018/6/25 14:47:56
2.6443 2.7077 48.7311 1.1246 312.0875 9.3092 2018/6/25 14:47:58
2.6443 2.7077 38.9559 1.1249 312.0250 8.3224 2018/6/25 14:48:0
2.6443 2.7077 78.0566 1.1249 312.0250 11.7804 2018/6/25 14:48:2
2.6443 2.6784 87.8317 1.1245 312.1500 12.4984 2018/6/25 14:48:4
2.6443 2.7370 68.2814 1.1243 312.2125 11.0211 2018/6/25 14:48:5
2.6443 2.7028 68.2814 1.1252 311.9625 11.0167 2018/6/25 14:48:7
2.6443 2.7077 19.4056 1.1250 312.0250 5.8735 2018/6/25 14:48:9
2.6443 2.7126 73.1690 1.1250 312.0250 11.4050 2018/6/25 14:48:11
2.6443 2.7273 68.2814 1.1248 312.0875 11.0186 2018/6/25 14:48:13
2.6443 2.7077 68.2814 1.1253 311.9625 11.0161 2018/6/25 14:48:15
2.6443 2.6931 102.4945 1.1257 311.8375 13.4947 2018/6/25 14:48:16
2.6443 2.6931 68.2814 1.1254 311.9000 11.0156 2018/6/25 14:48:18
2.6443 2.7175 73.1690 1.1254 311.9000 11.4032 2018/6/25 14:48:20
2.6443 2.7322 63.3938 1.1252 311.9625 10.6150 2018/6/25 14:48:22
2.6443 2.7126 58.5062 1.1250 312.0250 10.1986 2018/6/25 14:48:24
2.6443 2.7224 29.1808 1.1246 312.1500 7.2038 2018/6/25 14:48:26
2.6443 2.7175 38.9559 1.1248 312.0875 8.3228 2018/6/25 14:48:27
2.6443 2.7077 58.5062 1.1246 312.1500 10.2002 2018/6/25 14:48:29
2.6443 2.7175 58.5062 1.1250 312.0250 10.1987 2018/6/25 14:48:31
2.6443 2.7077 58.5062 1.1252 311.9625 10.1976 2018/6/25 14:48:33
2.6443 2.7322 34.0683 1.1256 311.8375 7.7804 2018/6/25 14:48:35
2.6443 2.7322 102.4945 1.1258 311.8375 13.4941 2018/6/25 14:48:37
2.6443 2.7028 68.2814 1.1255 311.9000 11.0154 2018/6/25 14:48:38
2.6443 2.7419 87.8317 1.1259 311.7750 12.4907 2018/6/25 14:48:40
2.6443 2.6882 48.7311 1.1259 311.7750 9.3040 2018/6/25 14:48:42
2.6443 2.7028 43.8435 1.1259 311.7750 8.8249 2018/6/25 14:48:44
2.6443 2.6833 78.0566 1.1259 311.7750 11.7752 2018/6/25 14:48:46
2.6443 2.7273 63.3938 1.1264 311.6500 10.6096 2018/6/25 14:48:48
2.6443 2.6931 58.5062 1.1271 311.4625 10.1892 2018/6/25 14:48:49
2.6443 2.7126 63.3938 1.1271 311.4625 10.6063 2018/6/25 14:48:51
2.6443 2.6882 92.7193 1.1268 311.5250 12.8286 2018/6/25 14:48:53
2.6443 2.7419 63.3938 1.1296 310.7750 10.5945 2018/6/25 14:48:55
2.6443 2.7126 43.8435 1.1304 310.5250 8.8076 2018/6/25 14:48:57
2.6443 2.7175 63.3938 1.1303 310.5250 10.5912 2018/6/25 14:48:59
2.6443 2.7175 43.8435 1.1312 310.2750 8.8042 2018/6/25 14:49:0
2.6443 2.7615 73.1690 1.1312 310.2750 11.3741 2018/6/25 14:49:2
2.6443 2.7468 53.6187 1.1312 310.2750 9.7364 2018/6/25 14:49:4
2.6443 2.6931 92.7193 1.1311 310.2750 12.8041 2018/6/25 14:49:6
2.6443 2.7419 82.9442 1.1312 310.2750 12.1097 2018/6/25 14:49:8
2.6443 2.6784 92.7193 1.1310 310.3375 12.8048 2018/6/25 14:49:10
2.6443 2.7126 78.0566 1.1306 310.4625 11.7509 2018/6/25 14:49:11
2.6443 2.7077 58.5062 1.1301 310.5875 10.1756 2018/6/25 14:49:13
2.6443 2.7028 78.0566 1.1297 310.7125 11.7556 2018/6/25 14:49:15
2.6443 2.6931 68.2814 1.1293 310.8375 10.9968 2018/6/25 14:49:17
2.6443 2.6735 68.2814 1.1291 310.9000 10.9977 2018/6/25 14:49:19
2.6443 2.7224 14.5180 1.1284 311.0875 5.0726 2018/6/25 14:49:20
2.6443 2.7273 53.6187 1.1281 311.1500 9.7500 2018/6/25 14:49:22
2.6443 2.7077 48.7311 1.1276 311.2750 9.2971 2018/6/25 14:49:24
2.6443 2.7322 48.7311 1.1271 311.4000 9.2989 2018/6/25 14:49:26
2.6443 2.7028 92.7193 1.1267 311.5250 12.8293 2018/6/25 14:49:28
2.6443 2.7419 73.1690 1.1264 311.5875 11.3979 2018/6/25 14:49:30
2.6443 2.7077 78.0566 1.1260 311.7125 11.7747 2018/6/25 14:49:31
2.6443 2.7273 87.8317 1.1257 311.7750 12.4919 2018/6/25 14:49:33
2.6443 2.7224 58.5062 1.1253 311.9000 10.1973 2018/6/25 14:49:35
2.6443 2.7224 38.9559 1.1250 311.9625 8.3218 2018/6/25 14:49:37
2.6443 2.7175 78.0566 1.1246 312.0875 11.7821 2018/6/25 14:49:39
2.6443 2.7224 43.8435 1.1242 312.2125 8.8318 2018/6/25 14:49:41
2.6443 2.7273 38.9559 1.1235 312.4000 8.3273 2018/6/25 14:49:42
2.6443 2.7028 53.6187 1.1231 312.5250 9.7714 2018/6/25 14:49:44
2.6443 2.7322 24.2932 1.1236 312.4000 6.5759 2018/6/25 14:49:46
2.6443 2.6931 58.5062 1.1233 312.4625 10.2062 2018/6/25 14:49:48
2.6443 2.7077 102.4945 1.1228 312.5875 13.5117 2018/6/25 14:49:50
2.6443 2.6735 97.6069 1.1226 312.6500 13.1867 2018/6/25 14:49:52
2.6443 2.7077 73.1690 1.1227 312.5875 11.4167 2018/6/25 14:49:53
2.6443 2.7028 63.3938 1.1229 312.5250 10.6259 2018/6/25 14:49:55
2.6443 2.7028 73.1690 1.1225 312.6500 11.4181 2018/6/25 14:49:57
2.6443 2.6979 82.9442 1.1226 312.5875 12.1562 2018/6/25 14:49:59
2.6443 2.7028 92.7193 1.1227 312.5875 12.8520 2018/6/25 14:50:1
2.6443 2.7126 24.2932 1.1226 312.5875 6.5788 2018/6/25 14:50:3
2.6443 2.7175 68.2814 1.1224 312.6500 11.0302 2018/6/25 14:50:4
2.6443 2.6686 63.3938 1.1224 312.6500 10.6284 2018/6/25 14:50:6
2.6443 2.7273 43.8435 1.1221 312.7125 8.8398 2018/6/25 14:50:8
2.6443 2.7077 92.7193 1.1222 312.7125 12.8550 2018/6/25 14:50:10
2.6443 2.6882 63.3938 1.1221 312.7125 10.6296 2018/6/25 14:50:12
2.6443 2.7077 87.8317 1.1221 312.7125 12.5120 2018/6/25 14:50:14
2.6443 2.7224 82.9442 1.1223 312.6500 12.1576 2018/6/25 14:50:15
2.6443 2.7077 73.1690 1.1225 312.5875 11.4178 2018/6/25 14:50:17
2.6443 2.7322 48.7311 1.1226 312.5875 9.3176 2018/6/25 14:50:19
2.6443 2.7273 63.3938 1.1224 312.6500 10.6286 2018/6/25 14:50:21
2.6443 2.7077 53.6187 1.1220 312.7750 9.7766 2018/6/25 14:50:23
2.6443 2.6931 102.4945 1.1218 312.8375 13.5181 2018/6/25 14:50:25
2.6443 2.7077 63.3938 1.1213 312.9625 10.6335 2018/6/25 14:50:26
2.6443 2.7028 82.9442 1.1211 313.0250 12.1644 2018/6/25 14:50:28
2.6443 2.7370 58.5062 1.1213 312.9625 10.2155 2018/6/25 14:50:30
2.6443 2.6637 87.8317 1.1218 312.7750 12.5133 2018/6/25 14:50:32
2.6443 2.7273 78.0566 1.1218 312.7750 11.7966 2018/6/25 14:50:34
2.6443 2.7028 97.6069 1.1216 312.8375 13.1927 2018/6/25 14:50:36
2.6443 2.7322 34.0683 1.1217 312.8375 7.7940 2018/6/25 14:50:37
2.6443 2.6637 48.7311 1.1218 312.7750 9.3210 2018/6/25 14:50:39
2.6443 2.7175 87.8317 1.1218 312.7750 12.5137 2018/6/25 14:50:41
2.6443 2.7028 102.4945 1.1216 312.8375 13.5190 2018/6/25 14:50:43
2.6443 2.6686 82.9442 1.1214 312.9000 12.1625 2018/6/25 14:50:45
2.6443 2.7419 102.4945 1.1216 312.8375 13.5188 2018/6/25 14:50:47
2.6443 2.6979 87.8317 1.1216 312.8375 12.5148 2018/6/25 14:50:48
2.6443 2.7077 63.3938 1.1214 312.9000 10.6332 2018/6/25 14:50:50
2.6443 2.7077 24.2932 1.1209 313.0250 6.5837 2018/6/25 14:50:52
2.6443 2.7517 73.1690 1.1209 313.0250 11.4262 2018/6/25 14:50:54
2.6443 2.7126 63.3938 1.1213 312.9000 10.6335 2018/6/25 14:50:56
2.6443 2.7273 92.7193 1.1213 312.9000 12.8601 2018/6/25 14:50:58
2.6443 2.7028 58.5062 1.1219 312.7125 10.2127 2018/6/25 14:50:59
2.6443 2.6833 102.4945 1.1219 312.7125 13.5170 2018/6/25 14:51:1
2.6443 2.7126 78.0566 1.1226 312.5250 11.7926 2018/6/25 14:51:3
2.6443 2.7419 58.5062 1.1231 312.4000 10.2071 2018/6/25 14:51:5
2.6443 2.6882 68.2814 1.1226 312.5250 11.0293 2018/6/25 14:51:7
2.6443 2.6882 73.1690 1.1228 312.4625 11.4162 2018/6/25 14:51:9
2.6443 2.7322 73.1690 1.1238 312.2125 11.4114 2018/6/25 14:51:10
2.6443 2.6833 92.7193 1.1236 312.2125 12.8466 2018/6/25 14:51:12
2.6443 2.7224 58.5062 1.1237 312.2125 10.2046 2018/6/25 14:51:14
2.6443 2.7028 68.2814 1.1235 312.2750 11.0252 2018/6/25 14:51:16
2.6443 2.7126 126.9324 1.1238 312.1500 15.0297 2018/6/25 14:51:18
2.6443 2.7077 63.3938 1.1239 312.1500 10.6214 2018/6/25 14:51:20
2.6443 2.7419 82.9442 1.1239 312.1500 12.1493 2018/6/25 14:51:21
2.6443 2.7224 19.4056 1.1243 312.0250 5.8754 2018/6/25 14:51:23
2.6443 2.7322 58.5062 1.1243 312.0250 10.2018 2018/6/25 14:51:25
2.6443 2.6833 82.9442 1.1241 312.0875 12.1483 2018/6/25 14:51:27
2.6443 2.6979 53.6187 1.1239 312.1500 9.7682 2018/6/25 14:51:29
2.6443 2.6979 92.7193 1.1238 312.1500 12.8454 2018/6/25 14:51:31
2.6443 2.7419 82.9442 1.1240 312.0875 12.1486 2018/6/25 14:51:32
2.6443 2.6686 82.9442 1.1245 311.9625 12.1460 2018/6/25 14:51:34
2.6443 2.7175 78.0566 1.1244 311.9625 11.7829 2018/6/25 14:51:36
2.6443 2.6931 29.1808 1.1244 311.9625 7.2045 2018/6/25 14:51:38
2.6443 2.7322 78.0566 1.1244 311.9625 11.7830 2018/6/25 14:51:40
2.6443 2.7077 68.2814 1.1246 311.9000 11.0197 2018/6/25 14:51:42
2.6443 2.7419 58.5062 1.1244 311.9625 10.2013 2018/6/25 14:51:43
2.6443 2.7126 112.2696 1.1244 311.9625 14.1315 2018/6/25 14:51:45
2.6443 2.7322 53.6187 1.1248 311.8375 9.7641 2018/6/25 14:51:47
2.6443 2.7468 68.2814 1.1253 311.7125 11.0164 2018/6/25 14:51:49
2.6443 2.7126 68.2814 1.1255 311.6500 11.0152 2018/6/25 14:51:51
2.6443 2.6979 107.3821 1.1253 311.7125 13.8149 2018/6/25 14:51:53
2.6443 2.7419 68.2814 1.1257 311.5875 11.0142 2018/6/25 14:51:54
2.6443 2.7175 73.1690 1.1253 311.7125 11.4039 2018/6/25 14:51:56
2.6443 2.7077 82.9442 1.1252 311.7125 12.1418 2018/6/25 14:51:58
2.6443 2.7273 63.3938 1.1250 311.7750 10.6159 2018/6/25 14:52:0
2.6443 2.7224 63.3938 1.1248 311.8375 10.6169 2018/6/25 14:52:2
2.6443 2.7224 102.4945 1.1246 311.9000 13.5009 2018/6/25 14:52:4
2.6443 2.6784 63.3938 1.1244 311.9625 10.6191 2018/6/25 14:52:5
2.6443 2.7028 87.8317 1.1239 312.0875 12.5020 2018/6/25 14:52:7
2.6443 2.7224 63.3938 1.1237 312.1500 10.6221 2018/6/25 14:52:9
2.6443 2.7175 92.7193 1.1235 312.2125 12.8474 2018/6/25 14:52:11
2.6443 2.7273 102.4945 1.1231 312.3375 13.5100 2018/6/25 14:52:13
2.6443 2.6735 82.9442 1.1228 312.4000 12.1551 2018/6/25 14:52:15
2.6443 2.7028 63.3938 1.1227 312.4000 10.6267 2018/6/25 14:52:16
2.6443 2.6979 58.5062 1.1227 312.4000 10.2090 2018/6/25 14:52:18
2.6443 2.7419 63.3938 1.1226 312.4000 10.6272 2018/6/25 14:52:20
2.6443 2.7126 53.6187 1.1231 312.2750 9.7716 2018/6/25 14:52:22
2.6443 2.7077 63.3938 1.1232 312.2750 10.6246 2018/6/25 14:52:24
2.6443 2.7028 68.2814 1.1232 312.2750 11.0264 2018/6/25 14:52:26
2.6443 2.7126 43.8435 1.1230 312.3375 8.8366 2018/6/25 14:52:27
2.6443 2.7224 78.0566 1.1227 312.4000 11.7921 2018/6/25 14:52:29
2.6443 2.6833 82.9442 1.1225 312.4625 12.1566 2018/6/25 14:52:31
2.6443 2.6979 73.1690 1.1223 312.5250 11.4190 2018/6/25 14:52:33
2.6443 2.6979 112.2696 1.1223 312.5250 14.1444 2018/6/25 14:52:35
2.6443 2.7175 58.5062 1.1225 312.4625 10.2098 2018/6/25 14:52:37
2.6443 2.7028 68.2814 1.1231 312.3375 11.0270 2018/6/25 14:52:38
2.6443 2.7126 78.0566 1.1233 312.2750 11.7886 2018/6/25 14:52:40
2.6443 2.7077 87.8317 1.1250 311.7750 12.4958 2018/6/25 14:52:42
2.6443 2.7370 48.7311 1.1260 311.5250 9.3037 2018/6/25 14:52:44
2.6443 2.7077 63.3938 1.1264 311.4000 10.6097 2018/6/25 14:52:46
2.6443 2.7028 73.1690 1.1268 311.2750 11.3962 2018/6/25 14:52:48
2.6443 2.7077 53.6187 1.1271 311.2125 9.7543 2018/6/25 14:52:49
2.6443 2.7175 112.2696 1.1275 311.0875 14.1122 2018/6/25 14:52:51
2.6443 2.7322 53.6187 1.1283 310.8375 9.7491 2018/6/25 14:52:53
2.6443 2.7224 82.9442 1.1281 310.9000 12.1267 2018/6/25 14:52:55
2.6443 2.7517 43.8435 1.1277 311.0250 8.8182 2018/6/25 14:52:57
2.6443 2.7370 73.1690 1.1278 310.9625 11.3912 2018/6/25 14:52:59
2.6443 2.7370 63.3938 1.1281 310.9000 10.6015 2018/6/25 14:53:0
2.6443 2.7028 34.0683 1.1283 310.8375 7.7712 2018/6/25 14:53:2
2.6443 2.7175 78.0566 1.1278 310.9625 11.7652 2018/6/25 14:53:4
2.6443 2.6979 63.3938 1.1277 311.0250 10.6035 2018/6/25 14:53:6
2.6443 2.6735 38.9559 1.1272 311.1500 8.3137 2018/6/25 14:53:8
2.6443 2.6979 63.3938 1.1268 311.2750 10.6074 2018/6/25 14:53:9
2.6443 2.6637 53.6187 1.1265 311.3375 9.7568 2018/6/25 14:53:11
2.6443 2.7322 48.7311 1.1265 311.3375 9.3014 2018/6/25 14:53:13
2.6443 2.7028 73.1690 1.1264 311.4000 11.3983 2018/6/25 14:53:15
2.6443 2.6979 38.9559 1.1263 311.4000 8.3171 2018/6/25 14:53:17
2.6443 2.7028 68.2814 1.1261 311.4625 11.0123 2018/6/25 14:53:19
2.6443 2.6588 48.7311 1.1259 311.5250 9.3042 2018/6/25 14:53:20
2.6443 2.6979 78.0566 1.1256 311.5875 11.7766 2018/6/25 14:53:22
2.6443 2.7370 53.6187 1.1254 311.6500 9.7615 2018/6/25 14:53:24
2.6443 2.7077 73.1690 1.1256 311.5875 11.4019 2018/6/25 14:53:26
2.6443 2.7126 78.0566 1.1257 311.5875 11.7765 2018/6/25 14:53:28
2.6443 2.7126 38.9559 1.1260 311.4625 8.3184 2018/6/25 14:53:30
2.6443 2.7273 102.4945 1.1278 310.9625 13.4817 2018/6/25 14:53:31
2.6443 2.7370 34.0683 1.1283 310.8375 7.7712 2018/6/25 14:53:33
2.6443 2.7224 53.6187 1.1285 310.7750 9.7481 2018/6/25 14:53:35
2.6443 2.7028 97.6069 1.1302 310.3375 13.1427 2018/6/25 14:53:37
2.6443 2.7566 58.5062 1.1313 310.0250 10.1702 2018/6/25 14:53:39
2.6443 2.7419 112.2696 1.1315 309.9625 14.0872 2018/6/25 14:53:41
2.6443 2.7322 68.2814 1.1312 310.0250 10.9873 2018/6/25 14:53:42
2.6443 2.7273 53.6187 1.1317 309.9000 9.7344 2018/6/25 14:53:44
2.6443 2.6784 78.0566 1.1325 309.6500 11.7407 2018/6/25 14:53:46
2.6443 2.6882 82.9442 1.1329 309.5250 12.1007 2018/6/25 14:53:48
2.6443 2.7077 53.6187 1.1323 309.7125 9.7317 2018/6/25 14:53:50
2.6443 2.7224 73.1690 1.1322 309.7750 11.3690 2018/6/25 14:53:52
2.6443 2.7273 82.9442 1.1319 309.8375 12.1060 2018/6/25 14:53:53
2.6443 2.7322 58.5062 1.1315 309.9625 10.1692 2018/6/25 14:53:55
2.6443 2.7468 63.3938 1.1315 309.9625 10.5857 2018/6/25 14:53:57
2.6443 2.7028 29.1808 1.1308 310.1500 7.1840 2018/6/25 14:53:59
2.6443 2.7028 68.2814 1.1305 310.2750 10.9910 2018/6/25 14:54:1
2.6443 2.7224 131.8200 1.1302 310.3375 15.2734 2018/6/25 14:54:3
2.6443 2.6882 58.5062 1.1306 310.2125 10.1732 2018/6/25 14:54:4
2.6443 2.7028 102.4945 1.1306 310.2125 13.4653 2018/6/25 14:54:6
2.6443 2.7028 107.3821 1.1302 310.3375 13.7847 2018/6/25 14:54:8
2.6443 2.7517 82.9442 1.1309 310.1500 12.1116 2018/6/25 14:54:10
2.6443 2.6882 68.2814 1.1305 310.2750 10.9910 2018/6/25 14:54:12
2.6443 2.7273 117.1572 1.1304 310.2750 14.3971 2018/6/25 14:54:14
2.6443 2.7370 48.7311 1.1304 310.2750 9.2853 2018/6/25 14:54:15
2.6443 2.7273 48.7311 1.1300 310.4000 9.2870 2018/6/25 14:54:17
2.6443 2.7175 117.1572 1.1296 310.5250 14.4026 2018/6/25 14:54:19
2.6443 2.7224 82.9442 1.1294 310.5875 12.1195 2018/6/25 14:54:21
2.6443 2.6735 78.0566 1.1292 310.6500 11.7580 2018/6/25 14:54:23
2.6443 2.7077 68.2814 1.1285 310.8375 11.0004 2018/6/25 14:54:25
2.6443 2.7077 68.2814 1.1285 310.8375 11.0006 2018/6/25 14:54:26
2.6443 2.7175 34.0683 1.1285 310.8375 7.7705 2018/6/25 14:54:28
2.6443 2.6784 43.8435 1.1279 310.9625 8.8171 2018/6/25 14:54:30
2.6443 2.6979 92.7193 1.1279 310.9625 12.8220 2018/6/25 14:54:32
2.6443 2.7077 78.0566 1.1287 310.7750 11.7607 2018/6/25 14:54:34
2.6443 2.6931 63.3938 1.1290 310.7125 10.5972 2018/6/25 14:54:36
2.6443 2.6931 112.2696 1.1290 310.7125 14.1026 2018/6/25 14:54:37
2.6443 2.6637 78.0566 1.1288 310.7750 11.7602 2018/6/25 14:54:39
2.6443 2.6735 97.6069 1.1284 310.8375 13.1529 2018/6/25 14:54:41
2.6443 2.7126 73.1690 1.1292 310.6500 11.3837 2018/6/25 14:54:43
2.6443 2.7224 53.6187 1.1292 310.6500 9.7450 2018/6/25 14:54:45
2.6443 2.7028 58.5062 1.1292 310.6500 10.1794 2018/6/25 14:54:47
2.6443 2.6833 68.2814 1.1290 310.7125 10.9980 2018/6/25 14:54:48
2.6443 2.7077 53.6187 1.1291 310.7125 9.7456 2018/6/25 14:54:50
2.6443 2.7028 102.4945 1.1288 310.7750 13.4760 2018/6/25 14:54:52
2.6443 2.6784 78.0566 1.1284 310.8375 11.7620 2018/6/25 14:54:54
2.6443 2.7273 97.6069 1.1290 310.7125 13.1494 2018/6/25 14:54:56
2.6443 2.7028 87.8317 1.1294 310.5875 12.4713 2018/6/25 14:54:58
2.6443 2.7175 58.5062 1.1298 310.4625 10.1768 2018/6/25 14:54:59
2.6443 2.7370 92.7193 1.1301 310.4000 12.8100 2018/6/25 14:55:1
2.6443 2.7126 82.9442 1.1300 310.4000 12.1162 2018/6/25 14:55:3
2.6443 2.7028 102.4945 1.1302 310.3375 13.4678 2018/6/25 14:55:5
2.6443 2.7175 78.0566 1.1302 310.3375 11.7529 2018/6/25 14:55:7
2.6443 2.7175 87.8317 1.1300 310.4000 12.4682 2018/6/25 14:55:9
2.6443 2.7126 73.1690 1.1298 310.4625 11.3811 2018/6/25 14:55:10
2.6443 2.7126 73.1690 1.1298 310.4625 11.3807 2018/6/25 14:55:12
2.6443 2.6882 87.8317 1.1296 310.5250 12.4703 2018/6/25 14:55:14
2.6443 2.7370 87.8317 1.1300 310.4000 12.4682 2018/6/25 14:55:16
2.6443 2.6979 63.3938 1.1306 310.2125 10.5896 2018/6/25 14:55:18
2.6443 2.7224 48.7311 1.1309 310.1500 9.2833 2018/6/25 14:55:20
2.6443 2.6784 97.6069 1.1311 310.0875 13.1372 2018/6/25 14:55:21
2.6443 2.7028 92.7193 1.1315 309.9625 12.8017 2018/6/25 14:55:23
2.6443 2.7224 78.0566 1.1313 310.0250 11.7473 2018/6/25 14:55:25
2.6443 2.7126 63.3938 1.1309 310.1500 10.5885 2018/6/25 14:55:27
2.6443 2.7273 73.1690 1.1308 310.1500 11.3757 2018/6/25 14:55:29
2.6443 2.6979 29.1808 1.1306 310.2125 7.1848 2018/6/25 14:55:31
2.6443 2.6931 53.6187 1.1308 310.1500 9.7382 2018/6/25 14:55:32
2.6443 2.6882 68.2814 1.1319 309.8375 10.9841 2018/6/25 14:55:34
2.6443 2.7370 53.6187 1.1326 309.6500 9.7305 2018/6/25 14:55:36
2.6443 2.7077 68.2814 1.1336 309.4000 10.9760 2018/6/25 14:55:38
2.6443 2.7126 97.6069 1.1339 309.2750 13.1209 2018/6/25 14:55:40
2.6443 2.7175 87.8317 1.1337 309.3375 12.4476 2018/6/25 14:55:42
2.6443 2.7322 43.8435 1.1337 309.3375 8.7947 2018/6/25 14:55:43
2.6443 2.7126 73.1690 1.1337 309.3375 11.3614 2018/6/25 14:55:45
2.6443 2.6882 34.0683 1.1335 309.4000 7.7530 2018/6/25 14:55:47
2.6443 2.6931 82.9442 1.1338 309.3375 12.0959 2018/6/25 14:55:49
2.6443 2.7028 78.0566 1.1340 309.2750 11.7332 2018/6/25 14:55:51
2.6443 2.7126 112.2696 1.1337 309.3375 14.0736 2018/6/25 14:55:53
2.6443 2.7126 73.1690 1.1332 309.4625 11.3636 2018/6/25 14:55:54
2.6443 2.7077 68.2814 1.1328 309.5875 10.9795 2018/6/25 14:55:56
2.6443 2.7468 48.7311 1.1324 309.7125 9.2771 2018/6/25 14:55:58
2.6443 2.6979 82.9442 1.1322 309.7750 12.1044 2018/6/25 14:56:0
2.6443 2.6931 73.1690 1.1318 309.9000 11.3711 2018/6/25 14:56:2
2.6443 2.6735 82.9442 1.1323 309.7750 12.1040 2018/6/25 14:56:4
2.6443 2.7126 68.2814 1.1318 309.9000 10.9846 2018/6/25 14:56:5
2.6443 2.7126 73.1690 1.1319 309.8375 11.3703 2018/6/25 14:56:7
2.6443 2.7126 58.5062 1.1333 309.4625 10.1614 2018/6/25 14:56:9
2.6443 2.7175 43.8435 1.1334 309.4000 8.7957 2018/6/25 14:56:11
2.6443 2.7370 53.6187 1.1334 309.4000 9.7269 2018/6/25 14:56:13
2.6443 2.7175 38.9559 1.1336 309.3375 8.2903 2018/6/25 14:56:15
2.6443 2.6833 73.1690 1.1339 309.2750 11.3601 2018/6/25 14:56:16
2.6443 2.7273 48.7311 1.1339 309.2750 9.2710 2018/6/25 14:56:18
2.6443 2.7370 78.0566 1.1338 309.2750 11.7340 2018/6/25 14:56:20
2.6443 2.7126 24.2932 1.1334 309.4000 6.5473 2018/6/25 14:56:22
2.6443 2.7175 63.3938 1.1334 309.4000 10.5766 2018/6/25 14:56:24
2.6443 2.6979 53.6187 1.1332 309.4625 9.7280 2018/6/25 14:56:26
2.6443 2.6784 34.0683 1.1332 309.4625 7.7544 2018/6/25 14:56:27
2.6443 2.7175 78.0566 1.1330 309.5250 11.7384 2018/6/25 14:56:29
2.6443 2.6882 38.9559 1.1326 309.6500 8.2940 2018/6/25 14:56:31
2.6443 2.7126 87.8317 1.1332 309.4625 12.4505 2018/6/25 14:56:33
2.6443 2.6931 92.7193 1.1328 309.5875 12.7943 2018/6/25 14:56:35
2.6443 2.6979 43.8435 1.1330 309.5250 8.7972 2018/6/25 14:56:37
2.6443 2.7077 34.0683 1.1330 309.5250 7.7548 2018/6/25 14:56:38
2.6443 2.6979 43.8435 1.1330 309.5250 8.7973 2018/6/25 14:56:40
2.6443 2.7370 68.2814 1.1328 309.5875 10.9797 2018/6/25 14:56:42
2.6443 2.7322 38.9559 1.1328 309.5875 8.2933 2018/6/25 14:56:44
2.6443 2.7419 58.5062 1.1326 309.6500 10.1644 2018/6/25 14:56:46
2.6443 2.7273 43.8435 1.1322 309.7750 8.8006 2018/6/25 14:56:48
2.6443 2.7175 87.8317 1.1315 309.9625 12.4596 2018/6/25 14:56:49
2.6443 2.7419 43.8435 1.1311 310.0875 8.8048 2018/6/25 14:56:51
2.6443 2.7028 92.7193 1.1306 310.2125 12.8068 2018/6/25 14:56:53
2.6443 2.7566 68.2814 1.1302 310.3375 10.9922 2018/6/25 14:56:55
2.6443 2.7077 92.7193 1.1300 310.4000 12.8103 2018/6/25 14:56:57
2.6443 2.7028 87.8317 1.1296 310.5250 12.4702 2018/6/25 14:56:58
2.6443 2.6979 112.2696 1.1290 310.7125 14.1026 2018/6/25 14:57:0
2.6443 2.7126 97.6069 1.1285 310.8375 13.1523 2018/6/25 14:57:2
2.6443 2.7028 43.8435 1.1282 310.9000 8.8160 2018/6/25 14:57:4
2.6443 2.7126 63.3938 1.1278 311.0250 10.6030 2018/6/25 14:57:6
2.6443 2.7077 63.3938 1.1275 311.0875 10.6042 2018/6/25 14:57:8
2.6443 2.7028 53.6187 1.1273 311.1500 9.7532 2018/6/25 14:57:9
2.6443 2.7419 82.9442 1.1273 311.1500 12.1305 2018/6/25 14:57:11
2.6443 2.7175 68.2814 1.1273 311.1500 11.0062 2018/6/25 14:57:13
2.6443 2.7468 82.9442 1.1273 311.1500 12.1306 2018/6/25 14:57:15
2.6443 2.7077 58.5062 1.1269 311.2750 10.1899 2018/6/25 14:57:17
2.6443 2.7126 43.8435 1.1264 311.4000 8.8229 2018/6/25 14:57:19
2.6443 2.6735 78.0566 1.1264 311.4000 11.7728 2018/6/25 14:57:20
2.6443 2.7419 92.7193 1.1264 311.4000 12.8310 2018/6/25 14:57:22
2.6443 2.6979 82.9442 1.1262 311.4625 12.1368 2018/6/25 14:57:24
2.6443 2.7077 78.0566 1.1261 311.4625 11.7742 2018/6/25 14:57:26
2.6443 2.7126 58.5062 1.1259 311.5250 10.1947 2018/6/25 14:57:28
2.6443 2.7126 73.1690 1.1256 311.5875 11.4020 2018/6/25 14:57:30
2.6443 2.6979 73.1690 1.1254 311.6500 11.4032 2018/6/25 14:57:31
2.6443 2.7273 53.6187 1.1250 311.7750 9.7635 2018/6/25 14:57:33
2.6443 2.6931 78.0566 1.1248 311.8375 11.7811 2018/6/25 14:57:35
2.6443 2.6882 73.1690 1.1246 311.9000 11.4073 2018/6/25 14:57:37
2.6443 2.6833 102.4945 1.1242 312.0250 13.5037 2018/6/25 14:57:39
2.6443 2.7322 38.9559 1.1239 312.0875 8.3260 2018/6/25 14:57:41
2.6443 2.7077 29.1808 1.1235 312.2125 7.2073 2018/6/25 14:57:42
2.6443 2.6979 73.1690 1.1231 312.3375 11.4149 2018/6/25 14:57:44
2.6443 2.6931 48.7311 1.1228 312.4000 9.3168 2018/6/25 14:57:46
2.6443 2.7175 24.2932 1.1226 312.4625 6.5789 2018/6/25 14:57:48
2.6443 2.7077 68.2814 1.1222 312.5875 11.0316 2018/6/25 14:57:50
2.6443 2.7273 58.5062 1.1221 312.5875 10.2118 2018/6/25 14:57:52
2.6443 2.7322 78.0566 1.1221 312.5875 11.7949 2018/6/25 14:57:53
2.6443 2.7028 38.9559 1.1217 312.7125 8.3340 2018/6/25 14:57:55
2.6443 2.6882 102.4945 1.1215 312.7750 13.5195 2018/6/25 14:57:57
2.6443 2.7517 68.2814 1.1215 312.7750 11.0347 2018/6/25 14:57:59
2.6443 2.7322 63.3938 1.1215 312.7750 10.6328 2018/6/25 14:58:1
2.6443 2.7126 87.8317 1.1212 312.8375 12.5169 2018/6/25 14:58:3
2.6443 2.6784 34.0683 1.1210 312.9000 7.7962 2018/6/25 14:58:4
2.6443 2.7077 87.8317 1.1212 312.8375 12.5172 2018/6/25 14:58:6
2.6443 2.6833 68.2814 1.1210 312.9000 11.0375 2018/6/25 14:58:8
2.6443 2.7077 63.3938 1.1209 312.9000 10.6354 2018/6/25 14:58:10
2.6443 2.7224 82.9442 1.1213 312.7750 12.1630 2018/6/25 14:58:12
2.6443 2.7028 53.6187 1.1219 312.5875 9.7767 2018/6/25 14:58:14
