2.6387 2.6393 -4.2529 1.1672 300.1500 nan 2018/6/25 11:58:46
2.6387 2.6344 -4.2529 1.1672 300.1500 nan 2018/6/25 11:58:47
2.6387 2.6393 0.6347 1.1673 300.1500 1.0428 2018/6/25 11:58:49
2.6387 2.6979 15.2974 1.1671 300.2125 5.1201 2018/6/25 11:58:51
2.6387 2.7273 73.9486 1.1673 300.1500 11.2563 2018/6/25 11:58:53
2.6387 2.7224 83.7238 1.1673 300.1500 11.9770 2018/6/25 11:58:55
2.6387 2.7077 88.6114 1.1673 300.1500 12.3217 2018/6/25 11:58:57
2.6387 2.7126 49.5107 1.1673 300.1500 9.2104 2018/6/25 11:58:58
2.6387 2.7419 78.8362 1.1675 300.0875 11.6213 2018/6/25 11:59:0
2.6387 2.7273 98.3865 1.1674 300.0875 12.9827 2018/6/25 11:59:2
2.6387 2.7713 69.0610 1.1677 300.0250 10.8760 2018/6/25 11:59:4
2.6387 2.6979 113.0493 1.1677 300.0250 13.9153 2018/6/25 11:59:6
2.6387 2.7028 83.7238 1.1676 300.0250 11.9754 2018/6/25 11:59:8
2.6387 2.7322 93.4990 1.1679 299.9625 12.6538 2018/6/25 11:59:9
2.6387 2.7273 73.9486 1.1681 299.9000 11.2521 2018/6/25 11:59:11
2.6387 2.6735 78.8362 1.1683 299.8375 11.6171 2018/6/25 11:59:13
2.6387 2.7566 83.7238 1.1685 299.7750 11.9708 2018/6/25 11:59:15
2.6387 2.6979 83.7238 1.1685 299.7750 11.9707 2018/6/25 11:59:17
2.6387 2.7175 44.6231 1.1685 299.7750 8.7392 2018/6/25 11:59:19
2.6387 2.7273 78.8362 1.1691 299.6500 11.6133 2018/6/25 11:59:20
2.6387 2.7175 64.1735 1.1691 299.6500 10.4776 2018/6/25 11:59:22
2.6387 2.6931 93.4990 1.1696 299.5250 12.6447 2018/6/25 11:59:24
2.6387 2.7273 88.6114 1.1698 299.4625 12.3082 2018/6/25 11:59:26
2.6387 2.7273 73.9486 1.1698 299.4625 11.2441 2018/6/25 11:59:28
2.6387 2.7175 88.6114 1.1698 299.4625 12.3083 2018/6/25 11:59:30
2.6387 2.6979 69.0610 1.1700 299.4000 10.8651 2018/6/25 11:59:31
2.6387 2.7126 83.7238 1.1700 299.4000 11.9630 2018/6/25 11:59:33
2.6387 2.7273 88.6114 1.1703 299.3375 12.3061 2018/6/25 11:59:35
2.6387 2.7028 98.3865 1.1703 299.3375 12.9671 2018/6/25 11:59:37
2.6387 2.7566 108.1617 1.1703 299.3375 13.5957 2018/6/25 11:59:39
2.6387 2.7224 64.1735 1.1703 299.3375 10.4724 2018/6/25 11:59:41
2.6387 2.7419 73.9486 1.1706 299.2750 11.2404 2018/6/25 11:59:42
2.6387 2.6784 83.7238 1.1708 299.2125 11.9593 2018/6/25 11:59:44
2.6387 2.7468 113.0493 1.1711 299.1500 13.8951 2018/6/25 11:59:46
2.6387 2.7322 73.9486 1.1712 299.0875 11.2374 2018/6/25 11:59:48
2.6387 2.7273 59.2859 1.1712 299.0875 10.0619 2018/6/25 11:59:50
2.6387 2.7517 78.8362 1.1712 299.0875 11.6027 2018/6/25 11:59:52
2.6387 2.7175 78.8362 1.1714 299.0250 11.6017 2018/6/25 11:59:53
2.6387 2.6882 93.4990 1.1714 299.0250 12.6345 2018/6/25 11:59:55
2.6387 2.7028 54.3983 1.1715 299.0250 9.6369 2018/6/25 11:59:57
2.6387 2.6931 83.7238 1.1715 299.0250 11.9556 2018/6/25 11:59:59
2.6387 2.7713 108.1617 1.1717 298.9625 13.5879 2018/6/25 12:0:1
2.6387 2.7370 88.6114 1.1719 298.9000 12.2973 2018/6/25 12:0:3
2.6387 2.7175 78.8362 1.1719 298.9000 11.5994 2018/6/25 12:0:4
2.6387 2.7224 88.6114 1.1721 298.8375 12.2962 2018/6/25 12:0:6
2.6387 2.6686 83.7238 1.1721 298.8375 11.9523 2018/6/25 12:0:8
2.6387 2.7175 54.3983 1.1721 298.8375 9.6344 2018/6/25 12:0:10
2.6387 2.7077 69.0610 1.1723 298.7750 10.8548 2018/6/25 12:0:12
2.6387 2.6833 59.2859 1.1723 298.7750 10.0571 2018/6/25 12:0:14
2.6387 2.7028 54.3983 1.1727 298.6500 9.6318 2018/6/25 12:0:15
2.6387 2.7370 59.2859 1.1730 298.5875 10.0542 2018/6/25 12:0:17
2.6387 2.6882 64.1735 1.1734 298.4625 10.4585 2018/6/25 12:0:19
2.6387 2.7077 69.0610 1.1734 298.4625 10.8493 2018/6/25 12:0:21
2.6387 2.6979 73.9486 1.1739 298.3375 11.2245 2018/6/25 12:0:23
2.6387 2.7077 73.9486 1.1741 298.2750 11.2235 2018/6/25 12:0:25
2.6387 2.7615 49.5107 1.1744 298.2125 9.1826 2018/6/25 12:0:26
2.6387 2.7224 93.4990 1.1744 298.2125 12.6188 2018/6/25 12:0:28
2.6387 2.6931 103.2741 1.1744 298.2125 13.2621 2018/6/25 12:0:30
2.6387 2.7322 49.5107 1.1743 298.2125 9.1827 2018/6/25 12:0:32
2.6387 2.7419 64.1735 1.1746 298.1500 10.4533 2018/6/25 12:0:34
2.6387 2.7370 83.7238 1.1746 298.1500 11.9400 2018/6/25 12:0:36
2.6387 2.6979 69.0610 1.1747 298.0875 10.8433 2018/6/25 12:0:37
2.6387 2.7517 73.9486 1.1748 298.0875 11.2202 2018/6/25 12:0:39
2.6387 2.7322 93.4990 1.1748 298.0875 12.6167 2018/6/25 12:0:41
2.6387 2.7273 78.8362 1.1750 298.0250 11.5841 2018/6/25 12:0:43
2.6387 2.7322 78.8362 1.1750 298.0250 11.5840 2018/6/25 12:0:45
2.6387 2.6931 59.2859 1.1749 298.0250 10.0458 2018/6/25 12:0:47
2.6387 2.7126 78.8362 1.1749 298.0250 11.5843 2018/6/25 12:0:48
2.6387 2.7175 83.7238 1.1750 298.0250 11.9377 2018/6/25 12:0:50
2.6387 2.6931 54.3983 1.1750 298.0250 9.6226 2018/6/25 12:0:52
2.6387 2.6784 64.1735 1.1749 298.0250 10.4516 2018/6/25 12:0:54
2.6387 2.7419 54.3983 1.1752 297.9625 9.6217 2018/6/25 12:0:56
2.6387 2.7370 39.7356 1.1752 297.9625 8.2234 2018/6/25 12:0:58
2.6387 2.7273 88.6114 1.1752 297.9625 12.2800 2018/6/25 12:0:59
2.6387 2.6637 88.6114 1.1752 297.9625 12.2803 2018/6/25 12:1:1
2.6387 2.6882 20.1852 1.1750 298.0250 5.8616 2018/6/25 12:1:3
2.6387 2.6882 78.8362 1.1750 298.0250 11.5839 2018/6/25 12:1:5
2.6387 2.7028 29.9604 1.1750 298.0250 7.1412 2018/6/25 12:1:7
2.6387 2.7273 113.0493 1.1752 297.9625 13.8703 2018/6/25 12:1:9
2.6387 2.7273 88.6114 1.1754 297.9000 12.2789 2018/6/25 12:1:10
2.6387 2.7517 64.1735 1.1755 297.9000 10.4490 2018/6/25 12:1:12
2.6387 2.7566 73.9486 1.1758 297.8375 11.2156 2018/6/25 12:1:14
2.6387 2.7028 98.3865 1.1756 297.9000 12.9375 2018/6/25 12:1:16
2.6387 2.7028 64.1735 1.1758 297.8375 10.4479 2018/6/25 12:1:18
2.6387 2.6882 132.5996 1.1758 297.8375 15.0184 2018/6/25 12:1:20
2.6387 2.7468 69.0610 1.1758 297.8375 10.8386 2018/6/25 12:1:21
2.6387 2.6931 73.9486 1.1760 297.7750 11.2145 2018/6/25 12:1:23
2.6387 2.7028 73.9486 1.1761 297.7750 11.2141 2018/6/25 12:1:25
2.6387 2.7468 83.7238 1.1761 297.7750 11.9322 2018/6/25 12:1:27
2.6387 2.7273 39.7356 1.1763 297.7125 8.2194 2018/6/25 12:1:29
2.6387 2.7224 64.1735 1.1763 297.7125 10.4455 2018/6/25 12:1:31
2.6387 2.7615 73.9486 1.1766 297.6500 11.2118 2018/6/25 12:1:32
2.6387 2.7517 93.4990 1.1766 297.6500 12.6068 2018/6/25 12:1:34
2.6387 2.7224 49.5107 1.1768 297.5875 9.1730 2018/6/25 12:1:36
2.6387 2.7566 34.8480 1.1769 297.5875 7.6956 2018/6/25 12:1:38
2.6387 2.7566 69.0610 1.1771 297.5250 10.8323 2018/6/25 12:1:40
2.6387 2.7224 73.9486 1.1771 297.5250 11.2092 2018/6/25 12:1:42
2.6387 2.7273 98.3865 1.1773 297.4625 12.9281 2018/6/25 12:1:43
2.6387 2.7175 103.2741 1.1773 297.4625 13.2453 2018/6/25 12:1:45
2.6387 2.7322 73.9486 1.1775 297.4625 11.2075 2018/6/25 12:1:47
2.6387 2.7273 103.2741 1.1778 297.4000 13.2424 2018/6/25 12:1:49
2.6387 2.6833 49.5107 1.1776 297.4000 9.1700 2018/6/25 12:1:51
2.6387 2.7028 113.0493 1.1779 297.3375 13.8547 2018/6/25 12:1:52
2.6387 2.7224 54.3983 1.1779 297.3375 9.6107 2018/6/25 12:1:54
2.6387 2.7077 20.1852 1.1779 297.3375 5.8544 2018/6/25 12:1:56
2.6387 2.6979 54.3983 1.1781 297.2750 9.6097 2018/6/25 12:1:58
2.6387 2.7175 69.0610 1.1783 297.2125 10.8267 2018/6/25 12:2:0
2.6387 2.6979 39.7356 1.1783 297.2125 8.2125 2018/6/25 12:2:2
2.6387 2.7273 34.8480 1.1784 297.2125 7.6906 2018/6/25 12:2:3
2.6387 2.7077 49.5107 1.1784 297.2125 9.1669 2018/6/25 12:2:5
2.6387 2.7028 88.6114 1.1784 297.2125 12.2637 2018/6/25 12:2:7
2.6387 2.7126 59.2859 1.1783 297.2125 10.0312 2018/6/25 12:2:9
2.6387 2.7028 59.2859 1.1784 297.2125 10.0312 2018/6/25 12:2:11
2.6387 2.7126 83.7238 1.1784 297.2125 11.9203 2018/6/25 12:2:13
2.6387 2.7126 49.5107 1.1784 297.2125 9.1666 2018/6/25 12:2:14
2.6387 2.7175 88.6114 1.1786 297.1500 12.2624 2018/6/25 12:2:16
2.6387 2.6931 69.0610 1.1784 297.2125 10.8262 2018/6/25 12:2:18
2.6387 2.7175 54.3983 1.1787 297.1500 9.6075 2018/6/25 12:2:20
2.6387 2.7126 108.1617 1.1787 297.1500 13.5475 2018/6/25 12:2:22
2.6387 2.7370 73.9486 1.1785 297.2125 11.2026 2018/6/25 12:2:24
2.6387 2.7419 54.3983 1.1787 297.1500 9.6075 2018/6/25 12:2:25
2.6387 2.6882 78.8362 1.1787 297.1500 11.5658 2018/6/25 12:2:27
2.6387 2.7175 39.7356 1.1787 297.1500 8.2113 2018/6/25 12:2:29
2.6387 2.7370 78.8362 1.1787 297.1500 11.5659 2018/6/25 12:2:31
2.6387 2.7224 73.9486 1.1787 297.1500 11.2016 2018/6/25 12:2:33
2.6387 2.6882 83.7238 1.1784 297.2125 11.9203 2018/6/25 12:2:35
2.6387 2.7077 78.8362 1.1784 297.2125 11.5671 2018/6/25 12:2:36
2.6387 2.7224 113.0493 1.1785 297.2125 13.8514 2018/6/25 12:2:38
2.6387 2.7028 103.2741 1.1786 297.2125 13.2381 2018/6/25 12:2:40
2.6387 2.7224 93.4990 1.1785 297.2125 12.5964 2018/6/25 12:2:42
2.6387 2.7370 20.1852 1.1786 297.2125 5.8527 2018/6/25 12:2:44
2.6387 2.7028 93.4990 1.1785 297.2125 12.5966 2018/6/25 12:2:46
2.6387 2.6882 78.8362 1.1783 297.2750 11.5678 2018/6/25 12:2:47
2.6387 2.7322 88.6114 1.1783 297.2750 12.2639 2018/6/25 12:2:49
2.6387 2.7322 64.1735 1.1782 297.2750 10.4370 2018/6/25 12:2:51
2.6387 2.7370 49.5107 1.1784 297.2125 9.1668 2018/6/25 12:2:53
2.6387 2.6979 49.5107 1.1785 297.2125 9.1665 2018/6/25 12:2:55
2.6387 2.6735 25.0728 1.1785 297.2125 6.5230 2018/6/25 12:2:57
2.6387 2.6979 29.9604 1.1785 297.2125 7.1305 2018/6/25 12:2:58
2.6387 2.7126 54.3983 1.1787 297.2125 9.6075 2018/6/25 12:3:0
2.6387 2.7077 29.9604 1.1783 297.2750 7.1311 2018/6/25 12:3:2
2.6387 2.6784 73.9486 1.1783 297.2750 11.2034 2018/6/25 12:3:4
2.6387 2.6931 122.8244 1.1784 297.2750 14.4379 2018/6/25 12:3:6
2.6387 2.7077 93.4990 1.1781 297.3375 12.5985 2018/6/25 12:3:8
2.6387 2.7419 88.6114 1.1783 297.2750 12.2638 2018/6/25 12:3:9
2.6387 2.7126 64.1735 1.1782 297.2750 10.4371 2018/6/25 12:3:11
2.6387 2.6686 88.6114 1.1786 297.2125 12.2626 2018/6/25 12:3:13
2.6387 2.7322 83.7238 1.1785 297.2125 11.9200 2018/6/25 12:3:15
2.6387 2.7468 73.9486 1.1783 297.2750 11.2035 2018/6/25 12:3:17
2.6387 2.7028 44.6231 1.1783 297.2750 8.7030 2018/6/25 12:3:19
2.6387 2.7224 98.3865 1.1785 297.2125 12.9219 2018/6/25 12:3:20
2.6387 2.6686 69.0610 1.1785 297.2125 10.8258 2018/6/25 12:3:22
2.6387 2.6979 49.5107 1.1785 297.2125 9.1664 2018/6/25 12:3:24
2.6387 2.6686 59.2859 1.1786 297.2125 10.0301 2018/6/25 12:3:26
2.6387 2.6931 83.7238 1.1786 297.2125 11.9194 2018/6/25 12:3:28
2.6387 2.7126 103.2741 1.1789 297.1500 13.2365 2018/6/25 12:3:30
2.6387 2.7077 69.0610 1.1788 297.1500 10.8248 2018/6/25 12:3:31
2.6387 2.6931 44.6231 1.1789 297.1500 8.7008 2018/6/25 12:3:33
2.6387 2.6686 73.9486 1.1786 297.2125 11.2020 2018/6/25 12:3:35
2.6387 2.7322 59.2859 1.1786 297.2125 10.0303 2018/6/25 12:3:37
2.6387 2.7273 73.9486 1.1785 297.2125 11.2025 2018/6/25 12:3:39
2.6387 2.7468 39.7356 1.1782 297.2750 8.2127 2018/6/25 12:3:41
2.6387 2.7224 64.1735 1.1782 297.2750 10.4373 2018/6/25 12:3:42
2.6387 2.6735 49.5107 1.1782 297.2750 9.1675 2018/6/25 12:3:44
2.6387 2.7273 113.0493 1.1781 297.2750 13.8532 2018/6/25 12:3:46
2.6387 2.7028 108.1617 1.1782 297.2750 13.5502 2018/6/25 12:3:48
2.6387 2.6931 83.7238 1.1782 297.2750 11.9216 2018/6/25 12:3:50
2.6387 2.7273 113.0493 1.1782 297.2750 13.8528 2018/6/25 12:3:52
2.6387 2.7175 39.7356 1.1786 297.2125 8.2116 2018/6/25 12:3:53
2.6387 2.6931 83.7238 1.1786 297.2125 11.9195 2018/6/25 12:3:55
2.6387 2.7126 88.6114 1.1787 297.2125 12.2621 2018/6/25 12:3:57
2.6387 2.7028 59.2859 1.1787 297.2125 10.0298 2018/6/25 12:3:59
2.6387 2.7077 78.8362 1.1789 297.1500 11.5650 2018/6/25 12:4:1
2.6387 2.7224 93.4990 1.1789 297.1500 12.5947 2018/6/25 12:4:3
2.6387 2.6882 113.0493 1.1786 297.2125 13.8505 2018/6/25 12:4:4
2.6387 2.6833 78.8362 1.1786 297.2125 11.5665 2018/6/25 12:4:6
2.6387 2.7126 88.6114 1.1786 297.2125 12.2624 2018/6/25 12:4:8
2.6387 2.7077 83.7238 1.1786 297.2125 11.9195 2018/6/25 12:4:10
2.6387 2.7028 103.2741 1.1783 297.2750 13.2396 2018/6/25 12:4:12
2.6387 2.7175 29.9604 1.1785 297.2125 7.1304 2018/6/25 12:4:14
2.6387 2.7175 93.4990 1.1786 297.2125 12.5962 2018/6/25 12:4:15
2.6387 2.6735 64.1735 1.1785 297.2125 10.4359 2018/6/25 12:4:17
2.6387 2.7077 78.8362 1.1783 297.2750 11.5678 2018/6/25 12:4:19
2.6387 2.7224 69.0610 1.1785 297.2125 10.8259 2018/6/25 12:4:21
2.6387 2.6882 54.3983 1.1783 297.2750 9.6091 2018/6/25 12:4:23
2.6387 2.7322 83.7238 1.1783 297.2750 11.9211 2018/6/25 12:4:25
2.6387 2.6637 108.1617 1.1782 297.2750 13.5499 2018/6/25 12:4:26
2.6387 2.6979 88.6114 1.1782 297.2750 12.2643 2018/6/25 12:4:28
2.6387 2.7077 88.6114 1.1780 297.3375 12.2655 2018/6/25 12:4:30
2.6387 2.7028 73.9486 1.1782 297.2750 11.2039 2018/6/25 12:4:32
2.6387 2.7273 54.3983 1.1779 297.3375 9.6105 2018/6/25 12:4:34
2.6387 2.6979 113.0493 1.1780 297.3375 13.8542 2018/6/25 12:4:36
2.6387 2.6931 49.5107 1.1778 297.4000 9.1693 2018/6/25 12:4:37
2.6387 2.6882 64.1735 1.1777 297.4000 10.4395 2018/6/25 12:4:39
2.6387 2.6882 54.3983 1.1777 297.4000 9.6114 2018/6/25 12:4:41
2.6387 2.6979 39.7356 1.1777 297.4000 8.2147 2018/6/25 12:4:43
2.6387 2.7175 59.2859 1.1775 297.4625 10.0349 2018/6/25 12:4:45
2.6387 2.6931 73.9486 1.1775 297.4625 11.2073 2018/6/25 12:4:47
2.6387 2.7175 98.3865 1.1772 297.5250 12.9287 2018/6/25 12:4:48
2.6387 2.6784 34.8480 1.1772 297.5250 7.6945 2018/6/25 12:4:50
2.6387 2.7028 54.3983 1.1772 297.5250 9.6134 2018/6/25 12:4:52
2.6387 2.6979 69.0610 1.1773 297.5250 10.8313 2018/6/25 12:4:54
2.6387 2.7077 93.4990 1.1772 297.5250 12.6033 2018/6/25 12:4:56
2.6387 2.6979 93.4990 1.1773 297.5250 12.6030 2018/6/25 12:4:58
2.6387 2.7175 98.3865 1.1772 297.5250 12.9290 2018/6/25 12:4:59
2.6387 2.7175 69.0610 1.1774 297.5250 10.8312 2018/6/25 12:5:1
2.6387 2.7126 69.0610 1.1774 297.5250 10.8311 2018/6/25 12:5:3
2.6387 2.7224 93.4990 1.1771 297.5875 12.6040 2018/6/25 12:5:5
2.6387 2.6931 103.2741 1.1769 297.5875 13.2476 2018/6/25 12:5:7
2.6387 2.7028 83.7238 1.1769 297.5875 11.9280 2018/6/25 12:5:9
2.6387 2.6833 54.3983 1.1769 297.5875 9.6147 2018/6/25 12:5:10
2.6387 2.7175 113.0493 1.1770 297.5875 13.8600 2018/6/25 12:5:12
2.6387 2.7224 103.2741 1.1769 297.5875 13.2474 2018/6/25 12:5:14
2.6387 2.6882 39.7356 1.1770 297.5875 8.2172 2018/6/25 12:5:16
2.6387 2.6882 59.2859 1.1768 297.6500 10.0380 2018/6/25 12:5:18
2.6387 2.6784 59.2859 1.1770 297.5875 10.0371 2018/6/25 12:5:19
2.6387 2.7517 73.9486 1.1770 297.5875 11.2094 2018/6/25 12:5:21
2.6387 2.6931 93.4990 1.1770 297.5875 12.6045 2018/6/25 12:5:23
2.6387 2.7322 69.0610 1.1768 297.6500 10.8337 2018/6/25 12:5:25
2.6387 2.7273 59.2859 1.1767 297.6500 10.0381 2018/6/25 12:5:27
2.6387 2.7175 39.7356 1.1767 297.6500 8.2180 2018/6/25 12:5:29
2.6387 2.7322 73.9486 1.1767 297.6500 11.2110 2018/6/25 12:5:30
2.6387 2.6931 64.1735 1.1767 297.6500 10.4437 2018/6/25 12:5:32
2.6387 2.7175 78.8362 1.1765 297.7125 11.5766 2018/6/25 12:5:34
2.6387 2.7322 103.2741 1.1765 297.7125 13.2501 2018/6/25 12:5:36
2.6387 2.7322 69.0610 1.1762 297.7750 10.8366 2018/6/25 12:5:38
2.6387 2.7028 83.7238 1.1762 297.7750 11.9318 2018/6/25 12:5:40
2.6387 2.7028 83.7238 1.1762 297.7750 11.9316 2018/6/25 12:5:41
2.6387 2.7370 44.6231 1.1761 297.7750 8.7110 2018/6/25 12:5:43
2.6387 2.7224 69.0610 1.1759 297.8375 10.8381 2018/6/25 12:5:45
2.6387 2.7175 64.1735 1.1759 297.8375 10.4473 2018/6/25 12:5:47
2.6387 2.7566 64.1735 1.1759 297.8375 10.4473 2018/6/25 12:5:49
2.6387 2.7322 83.7238 1.1759 297.8375 11.9332 2018/6/25 12:5:51
2.6387 2.7468 44.6231 1.1760 297.8375 8.7116 2018/6/25 12:5:52
2.6387 2.6540 98.3865 1.1759 297.8375 12.9357 2018/6/25 12:5:54
2.6387 2.7322 69.0610 1.1759 297.8375 10.8378 2018/6/25 12:5:56
2.6387 2.7126 88.6114 1.1760 297.8375 12.2762 2018/6/25 12:5:58
2.6387 2.7322 98.3865 1.1757 297.9000 12.9368 2018/6/25 12:6:0
2.6387 2.7273 73.9486 1.1757 297.9000 11.2158 2018/6/25 12:6:2
2.6387 2.7468 64.1735 1.1755 297.9625 10.4492 2018/6/25 12:6:3
2.6387 2.7273 69.0610 1.1755 297.9625 10.8398 2018/6/25 12:6:5
2.6387 2.7370 39.7356 1.1753 298.0250 8.2232 2018/6/25 12:6:7
2.6387 2.7224 93.4990 1.1752 298.0250 12.6141 2018/6/25 12:6:9
2.6387 2.7322 88.6114 1.1752 298.0250 12.2804 2018/6/25 12:6:11
2.6387 2.6784 103.2741 1.1750 298.0875 13.2583 2018/6/25 12:6:13
2.6387 2.6686 78.8362 1.1750 298.0250 11.5838 2018/6/25 12:6:14
2.6387 2.6931 83.7238 1.1752 298.0250 11.9369 2018/6/25 12:6:16
2.6387 2.7175 49.5107 1.1753 297.9625 9.1787 2018/6/25 12:6:18
2.6387 2.7322 83.7238 1.1753 297.9625 11.9362 2018/6/25 12:6:20
2.6387 2.7370 103.2741 1.1753 297.9625 13.2569 2018/6/25 12:6:22
2.6387 2.7175 29.9604 1.1753 297.9625 7.1403 2018/6/25 12:6:24
2.6387 2.6979 29.9604 1.1754 297.9625 7.1401 2018/6/25 12:6:26
2.6387 2.6979 93.4990 1.1754 297.9625 12.6134 2018/6/25 12:6:27
2.6387 2.7322 103.2741 1.1754 297.9625 13.2562 2018/6/25 12:6:29
2.6387 2.7517 93.4990 1.1754 297.9625 12.6130 2018/6/25 12:6:31
2.6387 2.7028 83.7238 1.1756 297.9000 11.9348 2018/6/25 12:6:33
2.6387 2.7322 49.5107 1.1753 297.9625 9.1789 2018/6/25 12:6:35
2.6387 2.6979 83.7238 1.1754 297.9625 11.9359 2018/6/25 12:6:37
2.6387 2.6784 103.2741 1.1753 297.9625 13.2567 2018/6/25 12:6:38
2.6387 2.7077 83.7238 1.1753 297.9625 11.9361 2018/6/25 12:6:40
2.6387 2.7370 69.0610 1.1753 297.9625 10.8406 2018/6/25 12:6:42
2.6387 2.7468 59.2859 1.1750 298.0250 10.0455 2018/6/25 12:6:44
2.6387 2.6931 137.4872 1.1753 297.9625 15.2961 2018/6/25 12:6:46
2.6387 2.6931 78.8362 1.1751 298.0250 11.5836 2018/6/25 12:6:48
2.6387 2.7175 54.3983 1.1752 298.0250 9.6218 2018/6/25 12:6:49
2.6387 2.7028 93.4990 1.1750 298.0875 12.6155 2018/6/25 12:6:51
2.6387 2.6931 39.7356 1.1748 298.1500 8.2247 2018/6/25 12:6:53
2.6387 2.6735 73.9486 1.1744 298.2750 11.2223 2018/6/25 12:6:55
2.6387 2.7370 78.8362 1.1742 298.2750 11.5878 2018/6/25 12:6:57
2.6387 2.7028 20.1852 1.1744 298.2750 5.8631 2018/6/25 12:6:59
2.6387 2.7175 93.4990 1.1743 298.2750 12.6189 2018/6/25 12:7:0
2.6387 2.7175 98.3865 1.1744 298.2750 12.9442 2018/6/25 12:7:2
2.6387 2.6931 103.2741 1.1746 298.2125 13.2608 2018/6/25 12:7:4
2.6387 2.7077 78.8362 1.1745 298.2750 11.5865 2018/6/25 12:7:6
2.6387 2.6686 69.0610 1.1743 298.2750 10.8453 2018/6/25 12:7:8
2.6387 2.7126 69.0610 1.1745 298.2125 10.8445 2018/6/25 12:7:10
2.6387 2.7175 88.6114 1.1745 298.2125 12.2839 2018/6/25 12:7:11
2.6387 2.7322 83.7238 1.1744 298.2125 11.9408 2018/6/25 12:7:13
2.6387 2.7028 49.5107 1.1748 298.1500 9.1809 2018/6/25 12:7:15
2.6387 2.6979 54.3983 1.1746 298.1500 9.6240 2018/6/25 12:7:17
2.6387 2.7322 98.3865 1.1746 298.1500 12.9430 2018/6/25 12:7:19
2.6387 2.7028 69.0610 1.1747 298.1500 10.8435 2018/6/25 12:7:21
2.6387 2.7175 59.2859 1.1747 298.1500 10.0466 2018/6/25 12:7:22
2.6387 2.7175 59.2859 1.1749 298.0875 10.0459 2018/6/25 12:7:24
2.6387 2.7077 73.9486 1.1748 298.1500 11.2200 2018/6/25 12:7:26
2.6387 2.6882 83.7238 1.1748 298.2125 11.9386 2018/6/25 12:7:28
2.6387 2.6979 54.3983 1.1744 298.2125 9.6249 2018/6/25 12:7:30
2.6387 2.6833 88.6114 1.1742 298.2750 12.2853 2018/6/25 12:7:31
2.6387 2.7370 108.1617 1.1740 298.3375 13.5743 2018/6/25 12:7:33
2.6387 2.6979 69.0610 1.1742 298.2750 10.8456 2018/6/25 12:7:35
2.6387 2.7028 98.3865 1.1741 298.3375 12.9457 2018/6/25 12:7:37
2.6387 2.7370 73.9486 1.1739 298.4000 11.2246 2018/6/25 12:7:39
2.6387 2.7273 59.2859 1.1738 298.4000 10.0506 2018/6/25 12:7:41
2.6387 2.6833 73.9486 1.1736 298.4625 11.2257 2018/6/25 12:7:42
2.6387 2.6833 54.3983 1.1737 298.5250 9.6279 2018/6/25 12:7:44
2.6387 2.6784 59.2859 1.1732 298.6500 10.0534 2018/6/25 12:7:46
2.6387 2.7126 44.6231 1.1729 298.7125 8.7228 2018/6/25 12:7:48
2.6387 2.7273 59.2859 1.1724 298.7750 10.0567 2018/6/25 12:7:50
2.6387 2.6735 49.5107 1.1726 298.7125 9.1893 2018/6/25 12:7:52
2.6387 2.6686 78.8362 1.1728 298.7125 11.5949 2018/6/25 12:7:53
2.6387 2.7028 83.7238 1.1728 298.7125 11.9489 2018/6/25 12:7:55
2.6387 2.6735 29.9604 1.1726 298.7125 7.1484 2018/6/25 12:7:57
2.6387 2.7126 122.8244 1.1728 298.7125 14.4725 2018/6/25 12:7:59
2.6387 2.6979 59.2859 1.1729 298.6500 10.0544 2018/6/25 12:8:1
2.6387 2.6833 54.3983 1.1728 298.6500 9.6314 2018/6/25 12:8:3
2.6387 2.7322 78.8362 1.1729 298.6500 11.5946 2018/6/25 12:8:4
2.6387 2.7322 34.8480 1.1727 298.6500 7.7093 2018/6/25 12:8:6
2.6387 2.7175 98.3865 1.1727 298.6500 12.9535 2018/6/25 12:8:8
2.6387 2.6931 78.8362 1.1728 298.6500 11.5948 2018/6/25 12:8:10
2.6387 2.7175 54.3983 1.1731 298.5875 9.6304 2018/6/25 12:8:12
2.6387 2.7077 25.0728 1.1731 298.5875 6.5381 2018/6/25 12:8:14
2.6387 2.7224 93.4990 1.1731 298.5875 12.6253 2018/6/25 12:8:15
2.6387 2.6491 49.5107 1.1730 298.5875 9.1877 2018/6/25 12:8:17
2.6387 2.7175 5.5223 1.1735 298.4625 3.0678 2018/6/25 12:8:19
2.6387 2.6882 49.5107 1.1735 298.4625 9.1858 2018/6/25 12:8:21
2.6387 2.7322 59.2859 1.1737 298.4000 10.0509 2018/6/25 12:8:23
2.6387 2.7175 69.0610 1.1737 298.4000 10.8482 2018/6/25 12:8:25
2.6387 2.7028 73.9486 1.1734 298.4625 11.2266 2018/6/25 12:8:26
2.6387 2.6931 59.2859 1.1737 298.4625 10.0510 2018/6/25 12:8:28
2.6387 2.6442 25.0728 1.1735 298.5250 6.5368 2018/6/25 12:8:30
2.6387 2.6637 83.7238 1.1732 298.5875 11.9467 2018/6/25 12:8:32
2.6387 2.6784 49.5107 1.1732 298.5875 9.1870 2018/6/25 12:8:34
2.6387 2.6833 15.2974 1.1731 298.5875 5.1069 2018/6/25 12:8:36
2.6387 2.6931 54.3983 1.1732 298.5875 9.6298 2018/6/25 12:8:37
2.6387 2.7322 73.9486 1.1730 298.6500 11.2286 2018/6/25 12:8:39
2.6387 2.6686 73.9486 1.1729 298.7125 11.2292 2018/6/25 12:8:41
2.6387 2.6882 15.2974 1.1730 298.7125 5.1071 2018/6/25 12:8:43
2.6387 2.7273 34.8480 1.1723 298.8375 7.7106 2018/6/25 12:8:45
2.6387 2.7126 98.3865 1.1722 298.8375 12.9561 2018/6/25 12:8:47
2.6387 2.7028 88.6114 1.1723 298.8375 12.2953 2018/6/25 12:8:48
2.6387 2.7126 69.0610 1.1723 298.8375 10.8545 2018/6/25 12:8:50
2.6387 2.6540 64.1735 1.1721 298.8375 10.4641 2018/6/25 12:8:52
2.6387 2.7077 98.3865 1.1724 298.7750 12.9551 2018/6/25 12:8:54
2.6387 2.6833 54.3983 1.1724 298.7750 9.6330 2018/6/25 12:8:56
2.6387 2.6882 103.2741 1.1724 298.7750 13.2728 2018/6/25 12:8:58
2.6387 2.7175 34.8480 1.1725 298.7750 7.7100 2018/6/25 12:8:59
2.6387 2.7322 83.7238 1.1723 298.7750 11.9513 2018/6/25 12:9:1
2.6387 2.6735 64.1735 1.1723 298.7750 10.4634 2018/6/25 12:9:3
2.6387 2.6833 83.7238 1.1723 298.7750 11.9514 2018/6/25 12:9:5
2.6387 2.7126 113.0493 1.1723 298.7750 13.8878 2018/6/25 12:9:7
2.6387 2.7419 54.3983 1.1724 298.7125 9.6331 2018/6/25 12:9:9
2.6387 2.7126 64.1735 1.1724 298.7125 10.4628 2018/6/25 12:9:10
2.6387 2.7028 54.3983 1.1725 298.7125 9.6330 2018/6/25 12:9:12
2.6387 2.7126 49.5107 1.1726 298.6500 9.1893 2018/6/25 12:9:14
2.6387 2.7224 54.3983 1.1724 298.7125 9.6330 2018/6/25 12:9:16
2.6387 2.6784 59.2859 1.1727 298.6500 10.0554 2018/6/25 12:9:18
2.6387 2.7077 83.7238 1.1725 298.7125 11.9506 2018/6/25 12:9:20
2.6387 2.7322 73.9486 1.1725 298.7125 11.2312 2018/6/25 12:9:21
2.6387 2.7224 59.2859 1.1727 298.6500 10.0553 2018/6/25 12:9:23
2.6387 2.7224 5.5223 1.1727 298.6500 3.0688 2018/6/25 12:9:25
2.6387 2.6735 54.3983 1.1726 298.7125 9.6325 2018/6/25 12:9:27
2.6387 2.6979 64.1735 1.1726 298.7125 10.4621 2018/6/25 12:9:29
2.6387 2.7126 88.6114 1.1719 298.9000 12.2975 2018/6/25 12:9:31
2.6387 2.7126 49.5107 1.1720 298.8375 9.1919 2018/6/25 12:9:32
2.6387 2.6882 54.3983 1.1717 298.9000 9.6361 2018/6/25 12:9:34
2.6387 2.7273 69.0610 1.1718 298.9000 10.8569 2018/6/25 12:9:36
2.6387 2.7517 54.3983 1.1717 298.9000 9.6361 2018/6/25 12:9:38
2.6387 2.7273 93.4990 1.1717 298.9000 12.6332 2018/6/25 12:9:40
2.6387 2.7126 49.5107 1.1719 298.8375 9.1922 2018/6/25 12:9:42
2.6387 2.6491 88.6114 1.1720 298.8375 12.2968 2018/6/25 12:9:43
2.6387 2.7468 93.4990 1.1717 298.9000 12.6333 2018/6/25 12:9:45
2.6387 2.7370 73.9486 1.1719 298.8375 11.2339 2018/6/25 12:9:47
2.6387 2.6833 88.6114 1.1720 298.8375 12.2971 2018/6/25 12:9:49
2.6387 2.7517 69.0610 1.1718 298.9000 10.8571 2018/6/25 12:9:51
2.6387 2.7077 88.6114 1.1718 298.9000 12.2981 2018/6/25 12:9:53
2.6387 2.7419 59.2859 1.1716 298.9625 10.0601 2018/6/25 12:9:54
2.6387 2.7077 78.8362 1.1714 299.0250 11.6017 2018/6/25 12:9:56
2.6387 2.7028 49.5107 1.1716 298.9625 9.1936 2018/6/25 12:9:58
2.6387 2.7028 73.9486 1.1714 299.0250 11.2364 2018/6/25 12:10:0
2.6387 2.7370 59.2859 1.1715 298.9625 10.0605 2018/6/25 12:10:2
2.6387 2.6833 44.6231 1.1716 298.9625 8.7279 2018/6/25 12:10:4
2.6387 2.7273 44.6231 1.1715 298.9625 8.7282 2018/6/25 12:10:5
2.6387 2.7077 54.3983 1.1717 298.9000 9.6362 2018/6/25 12:10:7
2.6387 2.6637 78.8362 1.1715 298.9625 11.6015 2018/6/25 12:10:9
2.6387 2.7322 64.1735 1.1714 298.9625 10.4672 2018/6/25 12:10:11
2.6387 2.6784 39.7356 1.1716 298.9000 8.2358 2018/6/25 12:10:13
2.6387 2.6540 20.1852 1.1716 298.9625 5.8702 2018/6/25 12:10:15
2.6387 2.7370 69.0610 1.1714 299.0250 10.8586 2018/6/25 12:10:16
2.6387 2.6491 78.8362 1.1710 299.0875 11.6036 2018/6/25 12:10:18
2.6387 2.6784 49.5107 1.1713 299.0250 9.1947 2018/6/25 12:10:20
2.6387 2.6979 49.5107 1.1710 299.1500 9.1959 2018/6/25 12:10:22
2.6387 2.7322 64.1735 1.1708 299.2125 10.4699 2018/6/25 12:10:24
2.6387 2.6833 93.4990 1.1705 299.2750 12.6394 2018/6/25 12:10:26
2.6387 2.7273 83.7238 1.1705 299.2750 11.9604 2018/6/25 12:10:27
2.6387 2.6979 54.3983 1.1704 299.3375 9.6415 2018/6/25 12:10:29
2.6387 2.6979 49.5107 1.1700 299.4625 9.1998 2018/6/25 12:10:31
2.6387 2.6931 54.3983 1.1698 299.5250 9.6438 2018/6/25 12:10:33
2.6387 2.7126 59.2859 1.1694 299.5250 10.0693 2018/6/25 12:10:35
2.6387 2.7077 25.0728 1.1695 299.5250 6.5481 2018/6/25 12:10:37
2.6387 2.7273 88.6114 1.1694 299.5875 12.3104 2018/6/25 12:10:38
2.6387 2.7322 49.5107 1.1693 299.6500 9.2022 2018/6/25 12:10:40
2.6387 2.7077 49.5107 1.1686 299.7125 9.2052 2018/6/25 12:10:42
2.6387 2.7175 93.4990 1.1692 299.7125 12.6464 2018/6/25 12:10:44
2.6387 2.6882 108.1617 1.1682 299.9000 13.6079 2018/6/25 12:10:46
2.6387 2.6979 98.3865 1.1679 300.0250 12.9804 2018/6/25 12:10:47
2.6387 2.6931 117.9369 1.1670 300.1500 14.2168 2018/6/25 12:10:49
2.6387 2.6979 73.9486 1.1675 300.1500 11.2552 2018/6/25 12:10:51
2.6387 2.7370 103.2741 1.1669 300.2750 13.3044 2018/6/25 12:10:53
2.6387 2.7126 73.9486 1.1666 300.3375 11.2594 2018/6/25 12:10:55
2.6387 2.7126 34.8480 1.1668 300.2750 7.7286 2018/6/25 12:10:57
2.6387 2.7126 93.4990 1.1671 300.2750 12.6582 2018/6/25 12:10:58
2.6387 2.7224 83.7238 1.1663 300.5250 11.9824 2018/6/25 12:11:0
2.6387 2.7419 88.6114 1.1655 300.7125 12.3310 2018/6/25 12:11:2
2.6387 2.6735 29.9604 1.1652 300.8375 7.1711 2018/6/25 12:11:4
2.6387 2.7126 69.0610 1.1645 300.9625 10.8906 2018/6/25 12:11:6
2.6387 2.7224 73.9486 1.1641 301.1500 11.2715 2018/6/25 12:11:8
2.6387 2.6882 54.3983 1.1634 301.3375 9.6704 2018/6/25 12:11:9
2.6387 2.6882 78.8362 1.1628 301.4625 11.6444 2018/6/25 12:11:11
2.6387 2.7077 64.1735 1.1623 301.6500 10.5081 2018/6/25 12:11:13
2.6387 2.7224 64.1735 1.1617 301.7750 10.5109 2018/6/25 12:11:15
2.6387 2.7126 64.1735 1.1615 301.8375 10.5117 2018/6/25 12:11:17
2.6387 2.6979 29.9604 1.1616 301.8375 7.1823 2018/6/25 12:11:19
2.6387 2.7224 93.4990 1.1612 301.9625 12.6900 2018/6/25 12:11:20
2.6387 2.7224 73.9486 1.1608 302.0875 11.2875 2018/6/25 12:11:22
2.6387 2.6882 34.8480 1.1605 302.0250 7.7497 2018/6/25 12:11:24
2.6387 2.6931 93.4990 1.1605 302.0250 12.6939 2018/6/25 12:11:26
2.6387 2.6588 78.8362 1.1608 302.0250 11.6547 2018/6/25 12:11:28
2.6387 2.7028 39.7356 1.1600 302.2125 8.2770 2018/6/25 12:11:30
2.6387 2.6931 39.7356 1.1600 302.2125 8.2770 2018/6/25 12:11:31
2.6387 2.7273 39.7356 1.1602 302.1500 8.2765 2018/6/25 12:11:33
2.6387 2.6979 25.0728 1.1603 302.0875 6.5742 2018/6/25 12:11:35
2.6387 2.6931 93.4990 1.1609 302.0250 12.6919 2018/6/25 12:11:37
2.6387 2.6882 69.0610 1.1603 302.1500 10.9106 2018/6/25 12:11:39
2.6387 2.7322 64.1735 1.1604 302.2125 10.5169 2018/6/25 12:11:41
2.6387 2.7077 59.2859 1.1598 302.3375 10.1113 2018/6/25 12:11:42
2.6387 2.6931 78.8362 1.1592 302.4625 11.6626 2018/6/25 12:11:44
2.6387 2.7175 69.0610 1.1590 302.5250 10.9168 2018/6/25 12:11:46
2.6387 2.7028 73.9486 1.1585 302.5875 11.2987 2018/6/25 12:11:48
2.6387 2.7468 54.3983 1.1587 302.6500 9.6901 2018/6/25 12:11:50
2.6387 2.6686 88.6114 1.1581 302.7750 12.3705 2018/6/25 12:11:52
2.6387 2.7322 93.4990 1.1575 302.9000 12.7106 2018/6/25 12:11:53
2.6387 2.7077 78.8362 1.1571 302.9000 11.6731 2018/6/25 12:11:55
2.6387 2.7077 49.5107 1.1574 302.9000 9.2498 2018/6/25 12:11:57
2.6387 2.6882 69.0610 1.1569 303.0875 10.9266 2018/6/25 12:11:59
2.6387 2.7077 44.6231 1.1564 303.2125 8.7851 2018/6/25 12:12:1
2.6387 2.6833 49.5107 1.1560 303.3375 9.2553 2018/6/25 12:12:3
2.6387 2.6979 93.4990 1.1554 303.4625 12.7218 2018/6/25 12:12:4
2.6387 2.7224 54.3983 1.1553 303.5250 9.7043 2018/6/25 12:12:6
2.6387 2.6979 88.6114 1.1547 303.6500 12.3886 2018/6/25 12:12:8
2.6387 2.7370 83.7238 1.1543 303.7750 12.0440 2018/6/25 12:12:10
2.6387 2.7322 73.9486 1.1539 303.9000 11.3212 2018/6/25 12:12:12
2.6387 2.6931 44.6231 1.1534 303.9625 8.7964 2018/6/25 12:12:14
2.6387 2.6979 39.7356 1.1536 303.9000 8.3001 2018/6/25 12:12:15
2.6387 2.6882 103.2741 1.1534 303.9000 13.3818 2018/6/25 12:12:17
2.6387 2.7273 78.8362 1.1539 303.7125 11.6893 2018/6/25 12:12:19
2.6387 2.6686 103.2741 1.1547 303.5250 13.3742 2018/6/25 12:12:21
2.6387 2.7273 64.1735 1.1553 303.4000 10.5400 2018/6/25 12:12:23
2.6387 2.7370 49.5107 1.1553 303.4000 9.2579 2018/6/25 12:12:25
2.6387 2.6931 78.8362 1.1553 303.4625 11.6823 2018/6/25 12:12:26
2.6387 2.6784 59.2859 1.1552 303.5250 10.1311 2018/6/25 12:12:28
2.6387 2.7077 59.2859 1.1548 303.5875 10.1332 2018/6/25 12:12:30
2.6387 2.7370 44.6231 1.1547 303.5875 8.7914 2018/6/25 12:12:32
2.6387 2.7566 64.1735 1.1551 303.5250 10.5410 2018/6/25 12:12:34
2.6387 2.7370 54.3983 1.1550 303.5875 9.7054 2018/6/25 12:12:36
2.6387 2.6686 44.6231 1.1543 303.6500 8.7930 2018/6/25 12:12:37
2.6387 2.6931 78.8362 1.1545 303.7125 11.6866 2018/6/25 12:12:39
2.6387 2.6882 59.2859 1.1543 303.7125 10.1350 2018/6/25 12:12:41
2.6387 2.6979 54.3983 1.1537 303.8375 9.7109 2018/6/25 12:12:43
2.6387 2.7322 54.3983 1.1517 304.0250 9.7196 2018/6/25 12:12:45
2.6387 2.7175 88.6114 1.1513 304.2125 12.4072 2018/6/25 12:12:47
2.6387 2.6931 69.0610 1.1522 304.3375 10.9490 2018/6/25 12:12:48
2.6387 2.7322 108.1617 1.1520 304.2750 13.7032 2018/6/25 12:12:50
2.6387 2.7077 69.0610 1.1520 304.2125 10.9499 2018/6/25 12:12:52
2.6387 2.7615 69.0610 1.1523 304.2125 10.9484 2018/6/25 12:12:54
2.6387 2.7175 64.1735 1.1518 304.2750 10.5559 2018/6/25 12:12:56
2.6387 2.6833 39.7356 1.1521 304.1500 8.3055 2018/6/25 12:12:58
2.6387 2.7370 64.1735 1.1528 303.9625 10.5515 2018/6/25 12:12:59
2.6387 2.6882 29.9604 1.1530 303.9625 7.2090 2018/6/25 12:13:1
2.6387 2.7273 73.9486 1.1529 303.9625 11.3264 2018/6/25 12:13:3
2.6387 2.7517 73.9486 1.1529 303.9000 11.3263 2018/6/25 12:13:5
2.6387 2.7370 54.3983 1.1535 303.7125 9.7119 2018/6/25 12:13:7
2.6387 2.6833 88.6114 1.1542 303.5250 12.3913 2018/6/25 12:13:9
2.6387 2.7028 93.4990 1.1549 303.3375 12.7249 2018/6/25 12:13:10
2.6387 2.7028 64.1735 1.1557 303.1500 10.5384 2018/6/25 12:13:12
2.6387 2.7077 10.4098 1.1563 302.9625 4.2433 2018/6/25 12:13:14
2.6387 2.7322 88.6114 1.1567 302.8375 12.3779 2018/6/25 12:13:16
2.6387 2.7224 69.0610 1.1572 302.7125 10.9249 2018/6/25 12:13:18
2.6387 2.6931 93.4990 1.1577 302.5875 12.7091 2018/6/25 12:13:20
2.6387 2.7028 93.4990 1.1582 302.4625 12.7063 2018/6/25 12:13:21
2.6387 2.7370 88.6114 1.1588 302.3375 12.3670 2018/6/25 12:13:23
2.6387 2.6735 69.0610 1.1594 302.1500 10.9148 2018/6/25 12:13:25
2.6387 2.7370 93.4990 1.1597 302.0875 12.6981 2018/6/25 12:13:27
2.6387 2.6833 83.7238 1.1603 301.9625 12.0132 2018/6/25 12:13:29
2.6387 2.7322 64.1735 1.1604 301.9000 10.5168 2018/6/25 12:13:31
2.6387 2.6979 49.5107 1.1607 301.8375 9.2364 2018/6/25 12:13:32
2.6387 2.7370 54.3983 1.1610 301.7750 9.6803 2018/6/25 12:13:34
2.6387 2.6931 78.8362 1.1610 301.7750 11.6536 2018/6/25 12:13:36
2.6387 2.7175 54.3983 1.1613 301.7125 9.6791 2018/6/25 12:13:38
2.6387 2.7077 39.7356 1.1613 301.7125 8.2725 2018/6/25 12:13:40
2.6387 2.6979 49.5107 1.1613 301.7125 9.2341 2018/6/25 12:13:42
2.6387 2.7028 78.8362 1.1613 301.7125 11.6523 2018/6/25 12:13:43
2.6387 2.7126 93.4990 1.1611 301.7125 12.6904 2018/6/25 12:13:45
2.6387 2.6931 59.2859 1.1614 301.6500 10.1040 2018/6/25 12:13:47
2.6387 2.7175 64.1735 1.1616 301.6500 10.5115 2018/6/25 12:13:49
2.6387 2.7175 34.8480 1.1611 301.7125 7.7476 2018/6/25 12:13:51
2.6387 2.7468 73.9486 1.1616 301.7125 11.2836 2018/6/25 12:13:53
2.6387 2.6784 88.6114 1.1613 301.7125 12.3532 2018/6/25 12:13:54
2.6387 2.6735 44.6231 1.1613 301.7125 8.7664 2018/6/25 12:13:56
2.6387 2.7126 88.6114 1.1616 301.6500 12.3521 2018/6/25 12:13:58
2.6387 2.6686 59.2859 1.1618 301.5875 10.1024 2018/6/25 12:14:0
2.6387 2.6833 64.1735 1.1618 301.5875 10.5104 2018/6/25 12:14:2
2.6387 2.7419 78.8362 1.1621 301.5250 11.6483 2018/6/25 12:14:4
2.6387 2.7224 64.1735 1.1623 301.4625 10.5085 2018/6/25 12:14:5
2.6387 2.7273 103.2741 1.1625 301.4000 13.3297 2018/6/25 12:14:7
2.6387 2.6979 64.1735 1.1624 301.4000 10.5078 2018/6/25 12:14:9
2.6387 2.6833 39.7356 1.1625 301.4000 8.2682 2018/6/25 12:14:11
2.6387 2.7175 69.0610 1.1625 301.4000 10.9002 2018/6/25 12:14:13
2.6387 2.7273 54.3983 1.1625 301.4000 9.6742 2018/6/25 12:14:15
2.6387 2.7175 49.5107 1.1623 301.4625 9.2301 2018/6/25 12:14:16
2.6387 2.7273 59.2859 1.1621 301.4625 10.1011 2018/6/25 12:14:18
2.6387 2.7419 44.6231 1.1627 301.3375 8.7612 2018/6/25 12:14:20
2.6387 2.7224 108.1617 1.1626 301.3375 13.6405 2018/6/25 12:14:22
2.6387 2.6931 73.9486 1.1626 301.3375 11.2788 2018/6/25 12:14:24
2.6387 2.7126 34.8480 1.1626 301.3375 7.7425 2018/6/25 12:14:26
2.6387 2.6931 88.6114 1.1627 301.2750 12.3458 2018/6/25 12:14:27
2.6387 2.6979 88.6114 1.1631 301.2125 12.3441 2018/6/25 12:14:29
2.6387 2.7468 78.8362 1.1633 301.1500 11.6424 2018/6/25 12:14:31
2.6387 2.7126 59.2859 1.1633 301.1500 10.0961 2018/6/25 12:14:33
2.6387 2.7273 103.2741 1.1635 301.0875 13.3238 2018/6/25 12:14:35
2.6387 2.6833 39.7356 1.1636 301.0875 8.2642 2018/6/25 12:14:37
2.6387 2.6833 54.3983 1.1637 301.0250 9.6692 2018/6/25 12:14:38
2.6387 2.6735 69.0610 1.1639 300.9625 10.8935 2018/6/25 12:14:40
2.6387 2.7028 49.5107 1.1639 300.9625 9.2238 2018/6/25 12:14:42
2.6387 2.6979 108.1617 1.1642 300.8375 13.6310 2018/6/25 12:14:44
2.6387 2.6882 88.6114 1.1644 300.8375 12.3371 2018/6/25 12:14:46
2.6387 2.7566 93.4990 1.1643 300.8375 12.6733 2018/6/25 12:14:48
2.6387 2.6931 59.2859 1.1645 300.7750 10.0905 2018/6/25 12:14:49
2.6387 2.6784 103.2741 1.1645 300.7750 13.3179 2018/6/25 12:14:51
2.6387 2.7419 59.2859 1.1645 300.7750 10.0907 2018/6/25 12:14:53
2.6387 2.7175 59.2859 1.1646 300.7750 10.0904 2018/6/25 12:14:55
2.6387 2.6784 78.8362 1.1646 300.7750 11.6355 2018/6/25 12:14:57
2.6387 2.6979 73.9486 1.1644 300.8375 11.2701 2018/6/25 12:14:59
2.6387 2.7175 34.8480 1.1645 300.8375 7.7364 2018/6/25 12:15:0
2.6387 2.7370 93.4990 1.1644 300.8375 12.6724 2018/6/25 12:15:2
2.6387 2.7273 44.6231 1.1643 300.8375 8.7550 2018/6/25 12:15:4
2.6387 2.7028 69.0610 1.1644 300.7750 10.8911 2018/6/25 12:15:6
2.6387 2.6735 103.2741 1.1644 300.8375 13.3189 2018/6/25 12:15:8
2.6387 2.7126 98.3865 1.1643 300.8375 13.0000 2018/6/25 12:15:10
2.6387 2.6931 78.8362 1.1643 300.8375 11.6370 2018/6/25 12:15:11
2.6387 2.6931 93.4990 1.1646 300.7750 12.6715 2018/6/25 12:15:13
2.6387 2.7028 98.3865 1.1645 300.7750 12.9992 2018/6/25 12:15:15
2.6387 2.7175 44.6231 1.1648 300.7125 8.7533 2018/6/25 12:15:17
2.6387 2.7028 44.6231 1.1652 300.5875 8.7516 2018/6/25 12:15:19
2.6387 2.7322 69.0610 1.1662 300.4000 10.8828 2018/6/25 12:15:21
2.6387 2.7077 98.3865 1.1660 300.4000 12.9905 2018/6/25 12:15:22
2.6387 2.6979 73.9486 1.1667 300.2125 11.2592 2018/6/25 12:15:24
2.6387 2.6882 78.8362 1.1666 300.2125 11.6256 2018/6/25 12:15:26
2.6387 2.7077 103.2741 1.1668 300.1500 13.3048 2018/6/25 12:15:28
2.6387 2.7077 49.5107 1.1671 300.0875 9.2112 2018/6/25 12:15:30
2.6387 2.7077 54.3983 1.1672 300.0250 9.6546 2018/6/25 12:15:32
2.6387 2.6833 69.0610 1.1675 299.9625 10.8768 2018/6/25 12:15:33
2.6387 2.7077 83.7238 1.1675 299.9625 11.9759 2018/6/25 12:15:35
2.6387 2.7028 98.3865 1.1677 299.9000 12.9815 2018/6/25 12:15:37
2.6387 2.6931 34.8480 1.1677 299.9000 7.7259 2018/6/25 12:15:39
2.6387 2.7028 39.7356 1.1679 299.8375 8.2490 2018/6/25 12:15:41
2.6387 2.7077 59.2859 1.1679 299.8375 10.0760 2018/6/25 12:15:43
2.6387 2.6833 54.3983 1.1679 299.9625 9.6516 2018/6/25 12:15:44
2.6387 2.7077 64.1735 1.1672 300.1500 10.4860 2018/6/25 12:15:46
2.6387 2.6979 59.2859 1.1666 300.2125 10.0818 2018/6/25 12:15:48
2.6387 2.7126 39.7356 1.1668 300.0875 8.2530 2018/6/25 12:15:50
2.6387 2.7077 83.7238 1.1671 300.0875 11.9782 2018/6/25 12:15:52
2.6387 2.7175 73.9486 1.1668 300.0875 11.2583 2018/6/25 12:15:54
2.6387 2.7077 59.2859 1.1671 300.0250 10.0792 2018/6/25 12:15:55
2.6387 2.6979 64.1735 1.1668 300.2125 10.4879 2018/6/25 12:15:57
2.6387 2.6784 54.3983 1.1664 300.4000 9.6578 2018/6/25 12:15:59
2.6387 2.7028 93.4990 1.1661 300.3375 12.6636 2018/6/25 12:16:1
2.6387 2.7028 64.1735 1.1663 300.3375 10.4902 2018/6/25 12:16:3
2.6387 2.7419 34.8480 1.1660 300.3375 7.7315 2018/6/25 12:16:5
2.6387 2.6882 59.2859 1.1665 300.2125 10.0821 2018/6/25 12:16:6
2.6387 2.7126 49.5107 1.1664 300.2750 9.2138 2018/6/25 12:16:8
2.6387 2.6784 64.1735 1.1670 300.2750 10.4873 2018/6/25 12:16:10
2.6387 2.7224 54.3983 1.1662 300.2750 9.6588 2018/6/25 12:16:12
2.6387 2.6931 83.7238 1.1665 300.2750 11.9809 2018/6/25 12:16:14
2.6387 2.7028 49.5107 1.1662 300.3375 9.2145 2018/6/25 12:16:16
2.6387 2.7077 49.5107 1.1662 300.5250 9.2146 2018/6/25 12:16:17
2.6387 2.7077 64.1735 1.1659 300.4625 10.4920 2018/6/25 12:16:19
2.6387 2.6637 54.3983 1.1659 300.4625 9.6601 2018/6/25 12:16:21
2.6387 2.7028 59.2859 1.1659 300.4625 10.0847 2018/6/25 12:16:23
2.6387 2.7028 69.0610 1.1660 300.4000 10.8836 2018/6/25 12:16:25
2.6387 2.6735 34.8480 1.1665 300.3375 7.7298 2018/6/25 12:16:27
2.6387 2.7370 54.3983 1.1661 300.4000 9.6593 2018/6/25 12:16:28
2.6387 2.7175 88.6114 1.1660 300.4000 12.3286 2018/6/25 12:16:30
2.6387 2.7175 69.0610 1.1664 300.2750 10.8819 2018/6/25 12:16:32
2.6387 2.6344 29.9604 1.1665 300.2750 7.1673 2018/6/25 12:16:34
2.6387 2.7028 29.9604 1.1667 300.2125 7.1666 2018/6/25 12:16:36
2.6387 2.7028 78.8362 1.1669 300.1500 11.6241 2018/6/25 12:16:37
2.6387 2.7028 44.6231 1.1669 300.1500 8.7455 2018/6/25 12:16:39
2.6387 2.7566 59.2859 1.1671 300.0875 10.0795 2018/6/25 12:16:41
2.6387 2.6588 78.8362 1.1674 300.0250 11.6219 2018/6/25 12:16:43
2.6387 2.7028 39.7356 1.1674 300.0250 8.2509 2018/6/25 12:16:45
2.6387 2.6735 83.7238 1.1675 299.9625 11.9759 2018/6/25 12:16:47
2.6387 2.6979 93.4990 1.1680 299.8375 12.6533 2018/6/25 12:16:48
2.6387 2.7322 15.2974 1.1679 299.8375 5.1181 2018/6/25 12:16:50
2.6387 2.6540 49.5107 1.1682 299.7750 9.2067 2018/6/25 12:16:52
2.6387 2.7126 73.9486 1.1684 299.7125 11.2508 2018/6/25 12:16:54
2.6387 2.7126 59.2859 1.1689 299.5875 10.0718 2018/6/25 12:16:56
2.6387 2.6979 20.1852 1.1689 299.5875 5.8769 2018/6/25 12:16:58
2.6387 2.7028 44.6231 1.1692 299.5250 8.7367 2018/6/25 12:16:59
2.6387 2.6686 98.3865 1.1693 299.5250 12.9726 2018/6/25 12:17:1
2.6387 2.7077 34.8480 1.1695 299.4625 7.7196 2018/6/25 12:17:3
2.6387 2.7028 59.2859 1.1698 299.4000 10.0678 2018/6/25 12:17:5
2.6387 2.7224 34.8480 1.1700 299.3375 7.7181 2018/6/25 12:17:7
2.6387 2.7175 39.7356 1.1701 299.3375 8.2414 2018/6/25 12:17:9
2.6387 2.7028 88.6114 1.1702 299.2750 12.3064 2018/6/25 12:17:10
2.6387 2.7126 59.2859 1.1702 299.2750 10.0660 2018/6/25 12:17:12
2.6387 2.7419 49.5107 1.1702 299.2750 9.1987 2018/6/25 12:17:14
2.6387 2.6882 59.2859 1.1704 299.2125 10.0651 2018/6/25 12:17:16
2.6387 2.7077 39.7356 1.1705 299.2125 8.2397 2018/6/25 12:17:18
2.6387 2.6784 25.0728 1.1708 299.1500 6.5446 2018/6/25 12:17:20
2.6387 2.7224 64.1735 1.1708 299.1500 10.4703 2018/6/25 12:17:21
2.6387 2.7419 73.9486 1.1708 299.1500 11.2392 2018/6/25 12:17:23
2.6387 2.6979 39.7356 1.1713 299.0250 8.2370 2018/6/25 12:17:25
2.6387 2.7028 113.0493 1.1715 298.9625 13.8922 2018/6/25 12:17:27
2.6387 2.6931 44.6231 1.1718 298.9000 8.7271 2018/6/25 12:17:29
2.6387 2.7273 73.9486 1.1720 298.8375 11.2337 2018/6/25 12:17:31
2.6387 2.6833 83.7238 1.1719 298.8375 11.9534 2018/6/25 12:17:32
2.6387 2.6979 29.9604 1.1720 298.8375 7.1503 2018/6/25 12:17:34
2.6387 2.7028 69.0610 1.1722 298.7750 10.8552 2018/6/25 12:17:36
2.6387 2.6784 54.3983 1.1724 298.7125 9.6332 2018/6/25 12:17:38
2.6387 2.7028 93.4990 1.1726 298.6500 12.6281 2018/6/25 12:17:40
2.6387 2.6931 15.2974 1.1728 298.5875 5.1074 2018/6/25 12:17:42
2.6387 2.6442 78.8362 1.1733 298.4625 11.5925 2018/6/25 12:17:43
2.6387 2.6637 54.3983 1.1735 298.4000 9.6286 2018/6/25 12:17:45
2.6387 2.7370 83.7238 1.1738 298.3375 11.9440 2018/6/25 12:17:47
2.6387 2.6979 73.9486 1.1737 298.4000 11.2254 2018/6/25 12:17:49
2.6387 2.7273 29.9604 1.1740 298.2750 7.1442 2018/6/25 12:17:51
2.6387 2.7077 44.6231 1.1738 298.3375 8.7196 2018/6/25 12:17:53
2.6387 2.7028 49.5107 1.1737 298.3375 9.1853 2018/6/25 12:17:54
2.6387 2.6686 64.1735 1.1736 298.3375 10.4576 2018/6/25 12:17:56
2.6387 2.7028 73.9486 1.1739 298.2750 11.2245 2018/6/25 12:17:58
2.6387 2.7175 59.2859 1.1741 298.2125 10.0491 2018/6/25 12:18:0
2.6387 2.7175 25.0728 1.1743 298.1500 6.5347 2018/6/25 12:18:2
2.6387 2.6931 54.3983 1.1743 298.1500 9.6253 2018/6/25 12:18:4
2.6387 2.7224 73.9486 1.1744 298.0875 11.2218 2018/6/25 12:18:5
2.6387 2.6882 83.7238 1.1748 298.0250 11.9390 2018/6/25 12:18:7
2.6387 2.7419 88.6114 1.1749 297.9625 12.2817 2018/6/25 12:18:9
2.6387 2.7028 29.9604 1.1754 297.8375 7.1399 2018/6/25 12:18:11
2.6387 2.7028 29.9604 1.1757 297.7750 7.1390 2018/6/25 12:18:13
2.6387 2.7175 49.5107 1.1761 297.7125 9.1759 2018/6/25 12:18:15
2.6387 2.6735 49.5107 1.1760 297.7125 9.1762 2018/6/25 12:18:16
2.6387 2.6833 25.0728 1.1763 297.6500 6.5292 2018/6/25 12:18:18
2.6387 2.7126 64.1735 1.1763 297.6500 10.4457 2018/6/25 12:18:20
2.6387 2.7273 64.1735 1.1768 297.5250 10.4436 2018/6/25 12:18:22
2.6387 2.7077 93.4990 1.1771 297.4625 12.6039 2018/6/25 12:18:24
2.6387 2.7273 73.9486 1.1774 297.4000 11.2079 2018/6/25 12:18:26
2.6387 2.7028 64.1735 1.1776 297.3375 10.4396 2018/6/25 12:18:27
2.6387 2.6931 59.2859 1.1779 297.2750 10.0331 2018/6/25 12:18:29
2.6387 2.6491 69.0610 1.1782 297.2125 10.8275 2018/6/25 12:18:31
2.6387 2.6979 54.3983 1.1782 297.2125 9.6094 2018/6/25 12:18:33
2.6387 2.7028 73.9486 1.1781 297.2125 11.2043 2018/6/25 12:18:35
2.6387 2.6931 39.7356 1.1781 297.2125 8.2132 2018/6/25 12:18:37
2.6387 2.6735 34.8480 1.1782 297.2125 7.6913 2018/6/25 12:18:38
2.6387 2.6979 88.6114 1.1783 297.2125 12.2641 2018/6/25 12:18:40
2.6387 2.6931 34.8480 1.1786 297.2125 7.6900 2018/6/25 12:18:42
2.6387 2.6882 10.4098 1.1777 297.3375 4.2045 2018/6/25 12:18:44
2.6387 2.6931 88.6114 1.1777 297.3375 12.2671 2018/6/25 12:18:46
2.6387 2.6833 25.0728 1.1775 297.4000 6.5257 2018/6/25 12:18:48
2.6387 2.6784 54.3983 1.1775 297.4000 9.6122 2018/6/25 12:18:49
2.6387 2.6931 54.3983 1.1776 297.4000 9.6118 2018/6/25 12:18:51
2.6387 2.7175 49.5107 1.1775 297.4000 9.1704 2018/6/25 12:18:53
2.6387 2.6784 69.0610 1.1776 297.4000 10.8301 2018/6/25 12:18:55
2.6387 2.7077 88.6114 1.1771 297.4625 12.2702 2018/6/25 12:18:57
2.6387 2.7028 54.3983 1.1771 297.4625 9.6141 2018/6/25 12:18:59
2.6387 2.7126 64.1735 1.1771 297.5250 10.4422 2018/6/25 12:19:0
2.6387 2.7322 73.9486 1.1773 297.5875 11.2082 2018/6/25 12:19:2
2.6387 2.7175 49.5107 1.1761 297.7125 9.1757 2018/6/25 12:19:4
2.6387 2.6784 44.6231 1.1766 297.7125 8.7092 2018/6/25 12:19:6
2.6387 2.7224 64.1735 1.1756 297.9000 10.4486 2018/6/25 12:19:8
2.6387 2.6784 59.2859 1.1757 297.8375 10.0427 2018/6/25 12:19:10
2.6387 2.6979 49.5107 1.1758 297.8375 9.1770 2018/6/25 12:19:11
2.6387 2.7224 64.1735 1.1758 297.8375 10.4479 2018/6/25 12:19:13
2.6387 2.7322 59.2859 1.1761 297.7750 10.0407 2018/6/25 12:19:15
2.6387 2.6979 69.0610 1.1756 297.9000 10.8392 2018/6/25 12:19:17
2.6387 2.7370 54.3983 1.1756 297.9000 9.6199 2018/6/25 12:19:19
2.6387 2.6882 54.3983 1.1755 297.9000 9.6203 2018/6/25 12:19:21
2.6387 2.6686 29.9604 1.1752 297.9625 7.1406 2018/6/25 12:19:22
2.6387 2.6588 73.9486 1.1753 297.9000 11.2178 2018/6/25 12:19:24
2.6387 2.7273 54.3983 1.1753 297.9000 9.6214 2018/6/25 12:19:26
2.6387 2.7273 54.3983 1.1749 297.9625 9.6228 2018/6/25 12:19:28
2.6387 2.7126 78.8362 1.1750 297.9625 11.5838 2018/6/25 12:19:30
2.6387 2.6393 59.2859 1.1752 297.9625 10.0447 2018/6/25 12:19:32
2.6387 2.7028 88.6114 1.1751 297.9625 12.2808 2018/6/25 12:19:33
2.6387 2.7028 29.9604 1.1747 298.0250 7.1419 2018/6/25 12:19:35
2.6387 2.6979 93.4990 1.1750 297.9625 12.6155 2018/6/25 12:19:37
2.6387 2.7126 83.7238 1.1749 297.9625 11.9381 2018/6/25 12:19:39
2.6387 2.7077 93.4990 1.1752 297.9000 12.6144 2018/6/25 12:19:41
2.6387 2.6784 49.5107 1.1754 297.8375 9.1784 2018/6/25 12:19:43
2.6387 2.7126 78.8362 1.1754 297.8375 11.5819 2018/6/25 12:19:44
2.6387 2.6686 34.8480 1.1758 297.7750 7.6992 2018/6/25 12:19:46
2.6387 2.6882 69.0610 1.1760 297.7125 10.8375 2018/6/25 12:19:48
2.6387 2.6784 83.7238 1.1763 297.6500 11.9312 2018/6/25 12:19:50
2.6387 2.6637 54.3983 1.1765 297.5875 9.6163 2018/6/25 12:19:52
2.6387 2.6442 59.2859 1.1765 297.5875 10.0389 2018/6/25 12:19:53
2.6387 2.7370 54.3983 1.1768 297.5250 9.6150 2018/6/25 12:19:55
2.6387 2.7126 20.1852 1.1769 297.5250 5.8567 2018/6/25 12:19:57
2.6387 2.7224 29.9604 1.1769 297.5250 7.1354 2018/6/25 12:19:59
2.6387 2.7077 39.7356 1.1771 297.4625 8.2167 2018/6/25 12:20:1
2.6387 2.6833 73.9486 1.1772 297.4625 11.2088 2018/6/25 12:20:3
2.6387 2.6393 64.1735 1.1771 297.4625 10.4419 2018/6/25 12:20:4
2.6387 2.7224 73.9486 1.1774 297.4000 11.2078 2018/6/25 12:20:6
2.6387 2.6833 25.0728 1.1774 297.4000 6.5261 2018/6/25 12:20:8
2.6387 2.6735 49.5107 1.1774 297.4000 9.1707 2018/6/25 12:20:10
2.6387 2.6540 54.3983 1.1774 297.4000 9.6127 2018/6/25 12:20:12
2.6387 2.6540 10.4098 1.1774 297.4000 4.2051 2018/6/25 12:20:14
2.6387 2.7322 98.3865 1.1774 297.4000 12.9276 2018/6/25 12:20:15
2.6387 2.6735 25.0728 1.1774 297.4000 6.5260 2018/6/25 12:20:17
2.6387 2.7175 78.8362 1.1776 297.3375 11.5710 2018/6/25 12:20:19
2.6387 2.6637 49.5107 1.1777 297.3375 9.1697 2018/6/25 12:20:21
2.6387 2.7175 44.6231 1.1777 297.3375 8.7053 2018/6/25 12:20:23
2.6387 2.7077 34.8480 1.1778 297.3375 7.6926 2018/6/25 12:20:25
2.6387 2.6979 34.8480 1.1777 297.3375 7.6927 2018/6/25 12:20:26
2.6387 2.7077 69.0610 1.1777 297.3375 10.8295 2018/6/25 12:20:28
2.6387 2.6931 78.8362 1.1778 297.3375 11.5705 2018/6/25 12:20:30
2.6387 2.6882 78.8362 1.1779 297.2750 11.5695 2018/6/25 12:20:32
2.6387 2.7028 34.8480 1.1777 297.3375 7.6927 2018/6/25 12:20:34
2.6387 2.7175 25.0728 1.1777 297.3375 6.5253 2018/6/25 12:20:36
2.6387 2.6882 49.5107 1.1779 297.2750 9.1686 2018/6/25 12:20:37
2.6387 2.7419 15.2974 1.1780 297.2750 5.0962 2018/6/25 12:20:39
2.6387 2.7028 78.8362 1.1780 297.2750 11.5693 2018/6/25 12:20:41
2.6387 2.6686 54.3983 1.1780 297.2750 9.6101 2018/6/25 12:20:43
2.6387 2.7175 39.7356 1.1780 297.2750 8.2136 2018/6/25 12:20:45
2.6387 2.6588 54.3983 1.1782 297.2125 9.6094 2018/6/25 12:20:47
2.6387 2.6833 78.8362 1.1782 297.2125 11.5681 2018/6/25 12:20:48
2.6387 2.7126 78.8362 1.1783 297.2125 11.5680 2018/6/25 12:20:50
2.6387 2.6931 93.4990 1.1782 297.2125 12.5980 2018/6/25 12:20:52
2.6387 2.6784 34.8480 1.1783 297.2125 7.6909 2018/6/25 12:20:54
2.6387 2.7077 39.7356 1.1785 297.1500 8.2117 2018/6/25 12:20:56
2.6387 2.6833 69.0610 1.1786 297.1500 10.8257 2018/6/25 12:20:58
2.6387 2.7077 49.5107 1.1785 297.1500 9.1664 2018/6/25 12:20:59
2.6387 2.6735 15.2974 1.1787 297.0875 5.0947 2018/6/25 12:21:1
2.6387 2.6735 69.0610 1.1785 297.1500 10.8257 2018/6/25 12:21:3
2.6387 2.7028 64.1735 1.1788 297.0875 10.4347 2018/6/25 12:21:5
2.6387 2.6979 93.4990 1.1787 297.0875 12.5954 2018/6/25 12:21:7
2.6387 2.6979 69.0610 1.1787 297.0875 10.8249 2018/6/25 12:21:9
2.6387 2.6979 64.1735 1.1787 297.0875 10.4348 2018/6/25 12:21:10
2.6387 2.6686 34.8480 1.1788 297.0875 7.6893 2018/6/25 12:21:12
2.6387 2.6833 93.4990 1.1788 297.0875 12.5950 2018/6/25 12:21:14
2.6387 2.7126 64.1735 1.1788 297.0875 10.4344 2018/6/25 12:21:16
2.6387 2.6882 73.9486 1.1788 297.0875 11.2011 2018/6/25 12:21:18
2.6387 2.6882 78.8362 1.1789 297.0875 11.5650 2018/6/25 12:21:20
2.6387 2.6979 44.6231 1.1786 297.1500 8.7019 2018/6/25 12:21:21
2.6387 2.7322 25.0728 1.1785 297.1500 6.5230 2018/6/25 12:21:23
2.6387 2.6784 34.8480 1.1786 297.1500 7.6900 2018/6/25 12:21:25
2.6387 2.7175 39.7356 1.1786 297.1500 8.2116 2018/6/25 12:21:27
2.6387 2.6833 98.3865 1.1786 297.1500 12.9213 2018/6/25 12:21:29
2.6387 2.7077 59.2859 1.1786 297.1500 10.0301 2018/6/25 12:21:31
2.6387 2.6784 64.1735 1.1786 297.1500 10.4355 2018/6/25 12:21:32
2.6387 2.6784 34.8480 1.1786 297.1500 7.6899 2018/6/25 12:21:34
2.6387 2.7028 64.1735 1.1786 297.1500 10.4354 2018/6/25 12:21:36
2.6387 2.6882 83.7238 1.1786 297.1500 11.9194 2018/6/25 12:21:38
2.6387 2.7175 49.5107 1.1785 297.1500 9.1664 2018/6/25 12:21:40
2.6387 2.6882 93.4990 1.1786 297.1500 12.5961 2018/6/25 12:21:42
2.6387 2.7322 54.3983 1.1788 297.0875 9.6069 2018/6/25 12:21:43
2.6387 2.7126 73.9486 1.1786 297.1500 11.2021 2018/6/25 12:21:45
2.6387 2.7175 59.2859 1.1786 297.1500 10.0302 2018/6/25 12:21:47
2.6387 2.6833 73.9486 1.1788 297.0875 11.2010 2018/6/25 12:21:49
2.6387 2.6833 78.8362 1.1786 297.1500 11.5663 2018/6/25 12:21:51
2.6387 2.6931 73.9486 1.1786 297.1500 11.2021 2018/6/25 12:21:53
2.6387 2.6931 103.2741 1.1786 297.1500 13.2383 2018/6/25 12:21:54
2.6387 2.6833 49.5107 1.1786 297.1500 9.1662 2018/6/25 12:21:56
2.6387 2.7175 39.7356 1.1783 297.2125 8.2124 2018/6/25 12:21:58
2.6387 2.6882 93.4990 1.1783 297.2125 12.5977 2018/6/25 12:22:0
2.6387 2.7175 64.1735 1.1783 297.2125 10.4365 2018/6/25 12:22:2
2.6387 2.7322 83.7238 1.1786 297.1500 11.9192 2018/6/25 12:22:4
2.6387 2.7077 34.8480 1.1785 297.2125 7.6902 2018/6/25 12:22:6
2.6387 2.6882 49.5107 1.1784 297.2125 9.1669 2018/6/25 12:22:7
2.6387 2.7126 64.1735 1.1785 297.2125 10.4357 2018/6/25 12:22:9
2.6387 2.6833 49.5107 1.1780 297.3375 9.1684 2018/6/25 12:22:11
2.6387 2.6637 49.5107 1.1781 297.2750 9.1681 2018/6/25 12:22:13
2.6387 2.6882 93.4990 1.1778 297.3375 12.6002 2018/6/25 12:22:15
2.6387 2.6931 49.5107 1.1779 297.3375 9.1689 2018/6/25 12:22:17
2.6387 2.7175 83.7238 1.1779 297.3375 11.9232 2018/6/25 12:22:18
2.6387 2.6784 44.6231 1.1779 297.3375 8.7045 2018/6/25 12:22:20
2.6387 2.6686 39.7356 1.1780 297.3375 8.2137 2018/6/25 12:22:22
2.6387 2.7224 69.0610 1.1779 297.3375 10.8287 2018/6/25 12:22:24
2.6387 2.6833 49.5107 1.1779 297.3375 9.1689 2018/6/25 12:22:26
2.6387 2.6931 49.5107 1.1778 297.3375 9.1691 2018/6/25 12:22:27
2.6387 2.6931 59.2859 1.1778 297.3375 10.0337 2018/6/25 12:22:29
2.6387 2.6491 39.7356 1.1778 297.3375 8.2143 2018/6/25 12:22:31
2.6387 2.6833 20.1852 1.1779 297.3375 5.8544 2018/6/25 12:22:33
2.6387 2.7077 88.6114 1.1778 297.3375 12.2666 2018/6/25 12:22:35
2.6387 2.6637 29.9604 1.1782 297.2750 7.1316 2018/6/25 12:22:37
2.6387 2.6833 69.0610 1.1784 297.2125 10.8265 2018/6/25 12:22:38
2.6387 2.6882 78.8362 1.1783 297.2125 11.5679 2018/6/25 12:22:40
2.6387 2.7224 73.9486 1.1786 297.1500 11.2020 2018/6/25 12:22:42
2.6387 2.6979 88.6114 1.1788 297.0875 12.2616 2018/6/25 12:22:44
2.6387 2.6735 64.1735 1.1790 297.0250 10.4335 2018/6/25 12:22:46
2.6387 2.7028 54.3983 1.1794 296.9625 9.6047 2018/6/25 12:22:48
2.6387 2.7175 64.1735 1.1796 296.9000 10.4309 2018/6/25 12:22:49
2.6387 2.6931 49.5107 1.1796 296.9000 9.1621 2018/6/25 12:22:51
2.6387 2.6833 54.3983 1.1794 296.9625 9.6045 2018/6/25 12:22:53
2.6387 2.7175 64.1735 1.1796 296.9000 10.4309 2018/6/25 12:22:55
2.6387 2.7077 39.7356 1.1799 296.9000 8.2071 2018/6/25 12:22:57
2.6387 2.7077 64.1735 1.1796 296.9000 10.4309 2018/6/25 12:22:59
2.6387 2.6931 73.9486 1.1798 296.8375 11.1963 2018/6/25 12:23:0
2.6387 2.7077 54.3983 1.1799 296.8375 9.6024 2018/6/25 12:23:2
2.6387 2.6979 83.7238 1.1802 296.7750 11.9115 2018/6/25 12:23:4
2.6387 2.7126 15.2974 1.1804 296.7125 5.0911 2018/6/25 12:23:6
2.6387 2.7175 88.6114 1.1802 296.7125 12.2539 2018/6/25 12:23:8
2.6387 2.6491 69.0610 1.1804 296.7125 10.8172 2018/6/25 12:23:10
2.6387 2.7175 69.0610 1.1804 296.7125 10.8173 2018/6/25 12:23:11
2.6387 2.7126 78.8362 1.1805 296.6500 11.5570 2018/6/25 12:23:13
2.6387 2.7273 39.7356 1.1803 296.7125 8.2057 2018/6/25 12:23:15
2.6387 2.6686 78.8362 1.1803 296.7125 11.5582 2018/6/25 12:23:17
2.6387 2.6882 88.6114 1.1803 296.7125 12.2538 2018/6/25 12:23:19
2.6387 2.7077 49.5107 1.1803 296.7125 9.1596 2018/6/25 12:23:21
2.6387 2.7224 29.9604 1.1804 296.7125 7.1249 2018/6/25 12:23:22
2.6387 2.7322 88.6114 1.1805 296.6500 12.2528 2018/6/25 12:23:24
2.6387 2.7175 73.9486 1.1806 296.6500 11.1927 2018/6/25 12:23:26
2.6387 2.6784 83.7238 1.1809 296.5875 11.9081 2018/6/25 12:23:28
2.6387 2.6882 73.9486 1.1810 296.5250 11.1906 2018/6/25 12:23:30
2.6387 2.7126 20.1852 1.1812 296.4625 5.8461 2018/6/25 12:23:32
2.6387 2.7028 64.1735 1.1815 296.4000 10.4226 2018/6/25 12:23:33
2.6387 2.7077 78.8362 1.1815 296.4000 11.5519 2018/6/25 12:23:35
2.6387 2.7175 29.9604 1.1817 296.3375 7.1208 2018/6/25 12:23:37
2.6387 2.7224 20.1852 1.1817 296.3375 5.8448 2018/6/25 12:23:39
2.6387 2.6979 49.5107 1.1817 296.3375 9.1541 2018/6/25 12:23:41
2.6387 2.6979 83.7238 1.1819 296.2750 11.9028 2018/6/25 12:23:43
2.6387 2.7273 83.7238 1.1819 296.2750 11.9028 2018/6/25 12:23:44
2.6387 2.6637 39.7356 1.1821 296.2125 8.1992 2018/6/25 12:23:46
2.6387 2.7224 54.3983 1.1819 296.2750 9.5943 2018/6/25 12:23:48
2.6387 2.7028 93.4990 1.1819 296.2750 12.5783 2018/6/25 12:23:50
2.6387 2.6979 108.1617 1.1819 296.2750 13.5289 2018/6/25 12:23:52
2.6387 2.7077 44.6231 1.1819 296.2750 8.6898 2018/6/25 12:23:54
2.6387 2.6979 73.9486 1.1818 296.2750 11.1867 2018/6/25 12:23:55
2.6387 2.6882 15.2974 1.1816 296.3375 5.0885 2018/6/25 12:23:57
2.6387 2.7126 78.8362 1.1816 296.3375 11.5516 2018/6/25 12:23:59
2.6387 2.6979 83.7238 1.1816 296.3375 11.9041 2018/6/25 12:24:1
2.6387 2.6588 59.2859 1.1817 296.3375 10.0171 2018/6/25 12:24:3
2.6387 2.7370 20.1852 1.1817 296.3375 5.8449 2018/6/25 12:24:5
2.6387 2.7126 78.8362 1.1817 296.3375 11.5510 2018/6/25 12:24:6
2.6387 2.6784 54.3983 1.1815 296.4000 9.5959 2018/6/25 12:24:8
2.6387 2.7126 59.2859 1.1815 296.4000 10.0179 2018/6/25 12:24:10
2.6387 2.6882 49.5107 1.1815 296.4000 9.1546 2018/6/25 12:24:12
2.6387 2.7028 78.8362 1.1815 296.4000 11.5521 2018/6/25 12:24:14
2.6387 2.6931 73.9486 1.1812 296.4625 11.1895 2018/6/25 12:24:16
2.6387 2.7175 93.4990 1.1813 296.4625 12.5817 2018/6/25 12:24:17
2.6387 2.6735 69.0610 1.1813 296.4625 10.8133 2018/6/25 12:24:19
2.6387 2.6686 59.2859 1.1810 296.5250 10.0198 2018/6/25 12:24:21
2.6387 2.7419 39.7356 1.1811 296.5250 8.2027 2018/6/25 12:24:23
2.6387 2.6588 49.5107 1.1811 296.5250 9.1563 2018/6/25 12:24:25
2.6387 2.7077 29.9604 1.1811 296.5250 7.1227 2018/6/25 12:24:27
2.6387 2.7224 29.9604 1.1811 296.5250 7.1228 2018/6/25 12:24:28
2.6387 2.6882 49.5107 1.1811 296.5250 9.1565 2018/6/25 12:24:30
2.6387 2.6784 88.6114 1.1810 296.5250 12.2499 2018/6/25 12:24:32
2.6387 2.6784 93.4990 1.1808 296.5875 12.5843 2018/6/25 12:24:34
2.6387 2.6784 44.6231 1.1810 296.5250 8.6930 2018/6/25 12:24:36
2.6387 2.7322 -4.2529 1.1813 296.4625 nan 2018/6/25 12:24:38
2.6387 2.7322 64.1735 1.1813 296.4625 10.4233 2018/6/25 12:24:39
2.6387 2.6833 25.0728 1.1814 296.4625 6.5149 2018/6/25 12:24:41
2.6387 2.7224 117.9369 1.1816 296.4000 14.1288 2018/6/25 12:24:43
2.6387 2.6931 73.9486 1.1818 296.3375 11.1870 2018/6/25 12:24:45
2.6387 2.6931 98.3865 1.1819 296.3375 12.9033 2018/6/25 12:24:47
2.6387 2.7322 39.7356 1.1819 296.3375 8.2001 2018/6/25 12:24:49
2.6387 2.6686 83.7238 1.1820 296.2750 11.9022 2018/6/25 12:24:50
2.6387 2.7077 34.8480 1.1819 296.3375 7.6791 2018/6/25 12:24:52
2.6387 2.6931 44.6231 1.1818 296.3375 8.6899 2018/6/25 12:24:54
2.6387 2.7419 64.1735 1.1815 296.4000 10.4224 2018/6/25 12:24:56
2.6387 2.6882 83.7238 1.1815 296.4000 11.9048 2018/6/25 12:24:58
2.6387 2.7273 49.5107 1.1815 296.4000 9.1546 2018/6/25 12:25:0
2.6387 2.7077 69.0610 1.1813 296.4625 10.8130 2018/6/25 12:25:1
2.6387 2.7224 69.0610 1.1816 296.5250 10.8119 2018/6/25 12:25:3
2.6387 2.7028 34.8480 1.1803 296.7125 7.6842 2018/6/25 12:25:5
2.6387 2.6979 64.1735 1.1806 296.6500 10.4265 2018/6/25 12:25:7
2.6387 2.7028 78.8362 1.1809 296.5875 11.5551 2018/6/25 12:25:9
2.6387 2.6979 64.1735 1.1808 296.5875 10.4256 2018/6/25 12:25:11
2.6387 2.6931 108.1617 1.1806 296.6500 13.5363 2018/6/25 12:25:12
2.6387 2.6637 59.2859 1.1807 296.6500 10.0214 2018/6/25 12:25:14
2.6387 2.7224 83.7238 1.1806 296.6500 11.9093 2018/6/25 12:25:16
2.6387 2.7175 78.8362 1.1806 296.6500 11.5564 2018/6/25 12:25:18
2.6387 2.6882 59.2859 1.1806 296.6500 10.0216 2018/6/25 12:25:20
2.6387 2.6931 93.4990 1.1806 296.6500 12.5851 2018/6/25 12:25:22
2.6387 2.6540 34.8480 1.1806 296.6500 7.6834 2018/6/25 12:25:23
2.6387 2.6784 20.1852 1.1806 296.6500 5.8476 2018/6/25 12:25:25
2.6387 2.6931 39.7356 1.1808 296.5875 8.2037 2018/6/25 12:25:27
2.6387 2.6979 73.9486 1.1806 296.6500 11.1925 2018/6/25 12:25:29
2.6387 2.6833 103.2741 1.1806 296.6500 13.2268 2018/6/25 12:25:31
2.6387 2.6735 69.0610 1.1806 296.6500 10.8164 2018/6/25 12:25:33
2.6387 2.6735 29.9604 1.1806 296.6500 7.1243 2018/6/25 12:25:34
2.6387 2.7370 93.4990 1.1804 296.7125 12.5867 2018/6/25 12:25:36
2.6387 2.7322 59.2859 1.1803 296.7125 10.0228 2018/6/25 12:25:38
2.6387 2.7077 69.0610 1.1803 296.7125 10.8175 2018/6/25 12:25:40
2.6387 2.6979 59.2859 1.1804 296.7125 10.0226 2018/6/25 12:25:42
2.6387 2.6540 64.1735 1.1801 296.7750 10.4287 2018/6/25 12:25:43
2.6387 2.6735 83.7238 1.1801 296.7750 11.9118 2018/6/25 12:25:45
2.6387 2.7566 59.2859 1.1801 296.7750 10.0237 2018/6/25 12:25:47
2.6387 2.6979 59.2859 1.1803 296.7125 10.0229 2018/6/25 12:25:49
2.6387 2.7028 49.5107 1.1803 296.7125 9.1594 2018/6/25 12:25:51
2.6387 2.6735 93.4990 1.1803 296.7125 12.5868 2018/6/25 12:25:53
2.6387 2.6833 64.1735 1.1806 296.6500 10.4265 2018/6/25 12:25:54
2.6387 2.6931 34.8480 1.1805 296.6500 7.6835 2018/6/25 12:25:56
2.6387 2.7224 73.9486 1.1806 296.6500 11.1924 2018/6/25 12:25:58
2.6387 2.6882 122.8244 1.1809 296.5875 14.4231 2018/6/25 12:26:0
2.6387 2.7028 59.2859 1.1808 296.5875 10.0207 2018/6/25 12:26:2
2.6387 2.6735 39.7356 1.1808 296.5875 8.2038 2018/6/25 12:26:4
2.6387 2.7224 39.7356 1.1808 296.5875 8.2037 2018/6/25 12:26:5
2.6387 2.7077 54.3983 1.1809 296.5875 9.5986 2018/6/25 12:26:7
2.6387 2.7175 29.9604 1.1808 296.5875 7.1235 2018/6/25 12:26:9
2.6387 2.7322 64.1735 1.1811 296.5250 10.4244 2018/6/25 12:26:11
2.6387 2.6882 54.3983 1.1811 296.5250 9.5976 2018/6/25 12:26:13
2.6387 2.7028 64.1735 1.1811 296.5250 10.4246 2018/6/25 12:26:15
2.6387 2.7273 73.9486 1.1811 296.5250 11.1904 2018/6/25 12:26:16
2.6387 2.7126 83.7238 1.1808 296.5875 11.9081 2018/6/25 12:26:18
2.6387 2.6979 44.6231 1.1810 296.5250 8.6929 2018/6/25 12:26:20
2.6387 2.7175 59.2859 1.1812 296.4625 10.0190 2018/6/25 12:26:22
2.6387 2.6784 49.5107 1.1813 296.4625 9.1556 2018/6/25 12:26:24
2.6387 2.6442 64.1735 1.1813 296.4625 10.4236 2018/6/25 12:26:26
2.6387 2.6833 44.6231 1.1812 296.4625 8.6922 2018/6/25 12:26:27
2.6387 2.7126 44.6231 1.1812 296.4625 8.6923 2018/6/25 12:26:29
2.6387 2.7126 54.3983 1.1810 296.5250 9.5979 2018/6/25 12:26:31
2.6387 2.6882 34.8480 1.1810 296.5250 7.6822 2018/6/25 12:26:33
2.6387 2.6931 113.0493 1.1811 296.5250 13.8361 2018/6/25 12:26:35
2.6387 2.7273 69.0610 1.1808 296.5875 10.8154 2018/6/25 12:26:37
2.6387 2.7028 78.8362 1.1805 296.7750 11.5571 2018/6/25 12:26:38
2.6387 2.7273 59.2859 1.1790 297.0250 10.0282 2018/6/25 12:26:40
2.6387 2.6882 54.3983 1.1794 296.9625 9.6045 2018/6/25 12:26:42
2.6387 2.7175 73.9486 1.1793 296.9625 11.1988 2018/6/25 12:26:44
2.6387 2.6882 29.9604 1.1801 296.9000 7.1258 2018/6/25 12:26:46
2.6387 2.7517 44.6231 1.1796 296.9000 8.6982 2018/6/25 12:26:48
2.6387 2.6833 49.5107 1.1792 296.9625 9.1637 2018/6/25 12:26:49
2.6387 2.7175 73.9486 1.1790 297.0250 11.2003 2018/6/25 12:26:51
2.6387 2.7077 73.9486 1.1783 297.1500 11.2034 2018/6/25 12:26:53
2.6387 2.7224 44.6231 1.1781 297.2125 8.7036 2018/6/25 12:26:55
2.6387 2.6931 49.5107 1.1784 297.2125 9.1668 2018/6/25 12:26:57
2.6387 2.7224 39.7356 1.1777 297.3375 8.2145 2018/6/25 12:26:59
2.6387 2.7370 88.6114 1.1769 297.4625 12.2714 2018/6/25 12:27:0
2.6387 2.7028 117.9369 1.1754 297.8375 14.1663 2018/6/25 12:27:2
2.6387 2.7175 83.7238 1.1736 298.2750 11.9450 2018/6/25 12:27:4
2.6387 2.7370 59.2859 1.1726 298.6500 10.0559 2018/6/25 12:27:6
2.6387 2.6588 49.5107 1.1713 298.9625 9.1947 2018/6/25 12:27:8
2.6387 2.6833 73.9486 1.1702 299.2750 11.2421 2018/6/25 12:27:10
2.6387 2.6931 73.9486 1.1690 299.5875 11.2481 2018/6/25 12:27:11
2.6387 2.7028 59.2859 1.1674 299.9625 10.0780 2018/6/25 12:27:13
2.6387 2.7224 88.6114 1.1663 300.2750 12.3269 2018/6/25 12:27:15
2.6387 2.7175 44.6231 1.1664 300.4000 8.7471 2018/6/25 12:27:17
2.6387 2.6833 83.7238 1.1648 300.6500 11.9897 2018/6/25 12:27:19
2.6387 2.6882 98.3865 1.1646 300.8375 12.9988 2018/6/25 12:27:21
2.6387 2.7468 117.9369 1.1639 300.9000 14.2360 2018/6/25 12:27:22
2.6387 2.7419 93.4990 1.1641 301.0250 12.6743 2018/6/25 12:27:24
2.6387 2.7077 78.8362 1.1647 300.8375 11.6351 2018/6/25 12:27:26
2.6387 2.7322 113.0493 1.1617 300.9625 13.9508 2018/6/25 12:27:28
2.6387 2.7126 69.0610 1.1634 301.4000 10.8962 2018/6/25 12:27:30
2.6387 2.7175 83.7238 1.1624 301.5875 12.0023 2018/6/25 12:27:32
2.6387 2.6833 69.0610 1.1620 301.7750 10.9027 2018/6/25 12:27:33
2.6387 2.6588 64.1735 1.1612 301.8375 10.5132 2018/6/25 12:27:35
2.6387 2.6979 39.7356 1.1615 301.7125 8.2718 2018/6/25 12:27:37
2.6387 2.6686 93.4990 1.1620 301.5250 12.6857 2018/6/25 12:27:39
2.6387 2.6931 49.5107 1.1624 301.4000 9.2298 2018/6/25 12:27:41
2.6387 2.6784 69.0610 1.1626 301.3375 10.8999 2018/6/25 12:27:43
2.6387 2.6686 34.8480 1.1631 301.2125 7.7410 2018/6/25 12:27:44
2.6387 2.6784 59.2859 1.1635 301.1500 10.0952 2018/6/25 12:27:46
2.6387 2.7126 103.2741 1.1634 301.2125 13.3244 2018/6/25 12:27:48
2.6387 2.7322 54.3983 1.1630 301.4625 9.6720 2018/6/25 12:27:50
2.6387 2.7370 34.8480 1.1612 301.7750 7.7474 2018/6/25 12:27:52
2.6387 2.6931 39.7356 1.1605 302.0875 8.2751 2018/6/25 12:27:54
2.6387 2.6882 73.9486 1.1564 302.4000 11.3092 2018/6/25 12:27:55
2.6387 2.7273 49.5107 1.1557 302.7125 9.2565 2018/6/25 12:27:57
2.6387 2.6833 54.3983 1.1556 303.0250 9.7030 2018/6/25 12:27:59
