2.6430 2.6442 -3.7127 1.1781 297.3375 nan 2018/6/25 11:25:27
2.6430 2.7126 -3.7127 1.1783 297.3375 nan 2018/6/25 11:25:29
2.6430 2.7322 84.2640 1.1780 297.4000 11.9608 2018/6/25 11:25:31
2.6430 2.7370 50.0510 1.1779 297.4000 9.2186 2018/6/25 11:25:33
2.6430 2.7468 54.9386 1.1782 297.3375 9.6572 2018/6/25 11:25:34
2.6430 2.6882 64.7137 1.1783 297.3375 10.4808 2018/6/25 11:25:36
2.6430 2.6931 45.1634 1.1782 297.3375 8.7558 2018/6/25 11:25:38
2.6430 2.6735 50.0510 1.1780 297.4000 9.2181 2018/6/25 11:25:40
2.6430 2.6833 69.6013 1.1780 297.4000 10.8706 2018/6/25 11:25:42
2.6430 2.6882 89.1516 1.1777 297.4625 12.3043 2018/6/25 11:25:44
2.6430 2.7322 108.7019 1.1777 297.4625 13.5867 2018/6/25 11:25:45
2.6430 2.6735 45.1634 1.1777 297.4625 8.7578 2018/6/25 11:25:47
2.6430 2.6931 103.8144 1.1776 297.4625 13.2782 2018/6/25 11:25:49
2.6430 2.7126 79.3765 1.1777 297.4625 11.6105 2018/6/25 11:25:51
2.6430 2.6833 84.2640 1.1776 297.4625 11.9627 2018/6/25 11:25:53
2.6430 2.7126 59.8261 1.1777 297.4625 10.0797 2018/6/25 11:25:55
2.6430 2.7468 59.8261 1.1776 297.4625 10.0798 2018/6/25 11:25:56
2.6430 2.7224 45.1634 1.1776 297.4625 8.7583 2018/6/25 11:25:58
2.6430 2.7028 54.9386 1.1775 297.4625 9.6597 2018/6/25 11:26:0
2.6430 2.7468 50.0510 1.1778 297.4000 9.2191 2018/6/25 11:26:2
2.6430 2.7028 45.1634 1.1778 297.4000 8.7573 2018/6/25 11:26:4
2.6430 2.7370 64.7137 1.1778 297.4000 10.4830 2018/6/25 11:26:6
2.6430 2.7077 59.8261 1.1778 297.4000 10.0790 2018/6/25 11:26:7
2.6430 2.7126 98.9268 1.1779 297.3375 12.9603 2018/6/25 11:26:9
2.6430 2.7370 79.3765 1.1779 297.3375 11.6094 2018/6/25 11:26:11
2.6430 2.6833 54.9386 1.1780 297.3375 9.6580 2018/6/25 11:26:13
2.6430 2.6833 64.7137 1.1782 297.2750 10.4810 2018/6/25 11:26:15
2.6430 2.6784 54.9386 1.1784 297.2125 9.6560 2018/6/25 11:26:17
2.6430 2.7126 69.6013 1.1785 297.2125 10.8682 2018/6/25 11:26:18
2.6430 2.7077 74.4889 1.1787 297.1500 11.2424 2018/6/25 11:26:20
2.6430 2.7419 79.3765 1.1789 297.0875 11.6042 2018/6/25 11:26:22
2.6430 2.7175 45.1634 1.1791 297.0875 8.7527 2018/6/25 11:26:24
2.6430 2.6931 59.8261 1.1791 297.0875 10.0735 2018/6/25 11:26:26
2.6430 2.7175 74.4889 1.1792 297.0875 11.2402 2018/6/25 11:26:28
2.6430 2.6686 84.2640 1.1791 297.0875 11.9552 2018/6/25 11:26:29
2.6430 2.6882 79.3765 1.1791 297.0875 11.6035 2018/6/25 11:26:31
2.6430 2.6931 45.1634 1.1795 296.9625 8.7511 2018/6/25 11:26:33
2.6430 2.7126 94.0392 1.1796 296.9625 12.6272 2018/6/25 11:26:35
2.6430 2.7517 25.6131 1.1795 296.9625 6.5902 2018/6/25 11:26:37
2.6430 2.7028 64.7137 1.1797 296.9000 10.4744 2018/6/25 11:26:39
2.6430 2.6784 103.8144 1.1800 296.8375 13.2650 2018/6/25 11:26:40
2.6430 2.6882 45.1634 1.1800 296.8375 8.7491 2018/6/25 11:26:42
2.6430 2.6686 74.4889 1.1804 296.7125 11.2341 2018/6/25 11:26:44
2.6430 2.7077 20.7255 1.1805 296.7125 5.9256 2018/6/25 11:26:46
2.6430 2.6979 54.9386 1.1805 296.7125 9.6478 2018/6/25 11:26:48
2.6430 2.7419 64.7137 1.1807 296.6500 10.4698 2018/6/25 11:26:50
2.6430 2.6833 35.3882 1.1807 296.6500 7.7423 2018/6/25 11:26:51
2.6430 2.7224 69.6013 1.1808 296.6500 10.8576 2018/6/25 11:26:53
2.6430 2.6979 40.2758 1.1810 296.5875 8.2588 2018/6/25 11:26:55
2.6430 2.7322 79.3765 1.1810 296.5875 11.5942 2018/6/25 11:26:57
2.6430 2.7322 89.1516 1.1809 296.5875 12.2875 2018/6/25 11:26:59
2.6430 2.6882 94.0392 1.1810 296.5875 12.6198 2018/6/25 11:27:1
2.6430 2.7370 45.1634 1.1812 296.5250 8.7447 2018/6/25 11:27:2
2.6430 2.6931 54.9386 1.1816 296.4000 9.6431 2018/6/25 11:27:4
2.6430 2.6882 69.6013 1.1819 296.3375 10.8527 2018/6/25 11:27:6
2.6430 2.6686 40.2758 1.1819 296.3375 8.2556 2018/6/25 11:27:8
2.6430 2.6882 40.2758 1.1819 296.3375 8.2557 2018/6/25 11:27:10
2.6430 2.7077 40.2758 1.1819 296.3375 8.2556 2018/6/25 11:27:12
2.6430 2.6979 50.0510 1.1822 296.2750 9.2020 2018/6/25 11:27:13
2.6430 2.6784 69.6013 1.1822 296.2750 10.8512 2018/6/25 11:27:15
2.6430 2.6882 50.0510 1.1822 296.2750 9.2019 2018/6/25 11:27:17
2.6430 2.6833 40.2758 1.1824 296.2125 8.2537 2018/6/25 11:27:19
2.6430 2.6931 40.2758 1.1825 296.2125 8.2536 2018/6/25 11:27:21
2.6430 2.6931 50.0510 1.1828 296.1500 9.1997 2018/6/25 11:27:23
2.6430 2.6931 74.4889 1.1827 296.1500 11.2233 2018/6/25 11:27:24
2.6430 2.7028 79.3765 1.1827 296.1500 11.5856 2018/6/25 11:27:26
2.6430 2.6588 79.3765 1.1827 296.1500 11.5859 2018/6/25 11:27:28
2.6430 2.7028 69.6013 1.1824 296.2125 10.8501 2018/6/25 11:27:30
2.6430 2.6784 54.9386 1.1824 296.2125 9.6397 2018/6/25 11:27:32
2.6430 2.7126 69.6013 1.1825 296.2125 10.8499 2018/6/25 11:27:34
2.6430 2.7077 -3.7127 1.1825 296.2125 nan 2018/6/25 11:27:35
2.6430 2.6979 45.1634 1.1825 296.2125 8.7401 2018/6/25 11:27:37
2.6430 2.7273 98.9268 1.1824 296.2125 12.9356 2018/6/25 11:27:39
2.6430 2.7370 30.5006 1.1824 296.2125 7.1827 2018/6/25 11:27:41
2.6430 2.7126 10.9501 1.1826 296.1500 4.3033 2018/6/25 11:27:43
2.6430 2.7273 50.0510 1.1827 296.1500 9.1998 2018/6/25 11:27:44
2.6430 2.6882 79.3765 1.1827 296.1500 11.5857 2018/6/25 11:27:46
2.6430 2.7322 69.6013 1.1829 296.0875 10.8481 2018/6/25 11:27:48
2.6430 2.6882 40.2758 1.1830 296.0875 8.2518 2018/6/25 11:27:50
2.6430 2.7126 79.3765 1.1830 296.0875 11.5844 2018/6/25 11:27:52
2.6430 2.7126 79.3765 1.1829 296.0875 11.5845 2018/6/25 11:27:54
2.6430 2.7224 89.1516 1.1829 296.0875 12.2773 2018/6/25 11:27:55
2.6430 2.7175 84.2640 1.1829 296.0875 11.9361 2018/6/25 11:27:57
2.6430 2.7273 94.0392 1.1829 296.0875 12.6093 2018/6/25 11:27:59
2.6430 2.7322 79.3765 1.1829 296.0875 11.5846 2018/6/25 11:28:1
2.6430 2.6637 64.7137 1.1831 296.0250 10.4593 2018/6/25 11:28:3
2.6430 2.7077 54.9386 1.1832 296.0250 9.6366 2018/6/25 11:28:5
2.6430 2.7028 10.9501 1.1831 296.0250 4.3024 2018/6/25 11:28:6
2.6430 2.7028 69.6013 1.1831 296.0250 10.8469 2018/6/25 11:28:8
2.6430 2.7175 -13.4878 1.1829 296.0875 nan 2018/6/25 11:28:10
2.6430 2.6931 59.8261 1.1829 296.0875 10.0576 2018/6/25 11:28:12
2.6430 2.6735 89.1516 1.1829 296.0875 12.2772 2018/6/25 11:28:14
2.6430 2.7175 40.2758 1.1829 296.0875 8.2519 2018/6/25 11:28:16
2.6430 2.7175 74.4889 1.1827 296.1500 11.2235 2018/6/25 11:28:17
2.6430 2.7077 40.2758 1.1827 296.1500 8.2527 2018/6/25 11:28:19
2.6430 2.6735 69.6013 1.1827 296.1500 10.8489 2018/6/25 11:28:21
2.6430 2.6833 40.2758 1.1827 296.1500 8.2526 2018/6/25 11:28:23
2.6430 2.7224 98.9268 1.1827 296.1500 12.9341 2018/6/25 11:28:25
2.6430 2.7077 108.7019 1.1826 296.1500 13.5584 2018/6/25 11:28:27
2.6430 2.6833 89.1516 1.1827 296.1500 12.2787 2018/6/25 11:28:28
2.6430 2.7028 79.3765 1.1824 296.2125 11.5870 2018/6/25 11:28:30
2.6430 2.7224 50.0510 1.1826 296.1500 9.2002 2018/6/25 11:28:32
2.6430 2.6686 59.8261 1.1824 296.2125 10.0594 2018/6/25 11:28:34
2.6430 2.6979 69.6013 1.1826 296.1500 10.8492 2018/6/25 11:28:36
2.6430 2.6931 74.4889 1.1824 296.2125 11.2247 2018/6/25 11:28:38
2.6430 2.6833 79.3765 1.1824 296.2125 11.5870 2018/6/25 11:28:39
2.6430 2.6295 84.2640 1.1824 296.2125 11.9386 2018/6/25 11:28:41
2.6430 2.7224 64.7137 1.1824 296.2125 10.4622 2018/6/25 11:28:43
2.6430 2.7273 69.6013 1.1824 296.2125 10.8502 2018/6/25 11:28:45
2.6430 2.6833 54.9386 1.1822 296.2750 9.6406 2018/6/25 11:28:47
2.6430 2.6882 69.6013 1.1824 296.2125 10.8504 2018/6/25 11:28:49
2.6430 2.7273 79.3765 1.1822 296.2750 11.5884 2018/6/25 11:28:50
2.6430 2.7126 94.0392 1.1822 296.2750 12.6133 2018/6/25 11:28:52
2.6430 2.7419 54.9386 1.1822 296.2750 9.6408 2018/6/25 11:28:54
2.6430 2.6979 84.2640 1.1822 296.2750 11.9399 2018/6/25 11:28:56
2.6430 2.7077 20.7255 1.1822 296.2750 5.9214 2018/6/25 11:28:58
2.6430 2.7224 30.5006 1.1822 296.2750 7.1833 2018/6/25 11:29:0
2.6430 2.7028 98.9268 1.1822 296.2750 12.9368 2018/6/25 11:29:1
2.6430 2.7126 79.3765 1.1822 296.2750 11.5882 2018/6/25 11:29:3
2.6430 2.6931 123.3647 1.1822 296.2750 14.4468 2018/6/25 11:29:5
2.6430 2.7175 89.1516 1.1822 296.2750 12.2811 2018/6/25 11:29:7
2.6430 2.7517 50.0510 1.1822 296.2750 9.2020 2018/6/25 11:29:9
2.6430 2.7370 54.9386 1.1822 296.2750 9.6408 2018/6/25 11:29:11
2.6430 2.6833 50.0510 1.1822 296.2750 9.2018 2018/6/25 11:29:12
2.6430 2.7077 64.7137 1.1824 296.2125 10.4624 2018/6/25 11:29:14
2.6430 2.6931 50.0510 1.1822 296.2750 9.2018 2018/6/25 11:29:16
2.6430 2.6833 50.0510 1.1824 296.2125 9.2011 2018/6/25 11:29:18
2.6430 2.7175 50.0510 1.1822 296.2750 9.2019 2018/6/25 11:29:20
2.6430 2.7419 59.8261 1.1821 296.2750 10.0610 2018/6/25 11:29:22
2.6430 2.7273 50.0510 1.1821 296.2750 9.2022 2018/6/25 11:29:23
2.6430 2.7468 59.8261 1.1822 296.2750 10.0606 2018/6/25 11:29:25
2.6430 2.7224 79.3765 1.1822 296.2750 11.5884 2018/6/25 11:29:27
2.6430 2.6735 50.0510 1.1821 296.2750 9.2022 2018/6/25 11:29:29
2.6430 2.7077 89.1516 1.1821 296.2750 12.2816 2018/6/25 11:29:31
2.6430 2.7028 89.1516 1.1822 296.2750 12.2812 2018/6/25 11:29:33
2.6430 2.7028 64.7137 1.1821 296.2750 10.4636 2018/6/25 11:29:34
2.6430 2.7077 35.3882 1.1822 296.2750 7.7376 2018/6/25 11:29:36
2.6430 2.7028 89.1516 1.1824 296.2125 12.2799 2018/6/25 11:29:38
2.6430 2.6784 35.3882 1.1825 296.2125 7.7366 2018/6/25 11:29:40
2.6430 2.7370 40.2758 1.1824 296.2125 8.2538 2018/6/25 11:29:42
2.6430 2.7224 69.6013 1.1824 296.2125 10.8502 2018/6/25 11:29:44
2.6430 2.7370 79.3765 1.1824 296.2125 11.5870 2018/6/25 11:29:45
2.6430 2.7028 50.0510 1.1825 296.2125 9.2009 2018/6/25 11:29:47
2.6430 2.7126 59.8261 1.1825 296.2125 10.0592 2018/6/25 11:29:49
2.6430 2.7224 84.2640 1.1824 296.2125 11.9384 2018/6/25 11:29:51
2.6430 2.7077 74.4889 1.1825 296.2125 11.2245 2018/6/25 11:29:53
2.6430 2.6833 59.8261 1.1824 296.2125 10.0593 2018/6/25 11:29:55
2.6430 2.7370 40.2758 1.1824 296.2125 8.2536 2018/6/25 11:29:56
2.6430 2.6882 98.9268 1.1825 296.2125 12.9353 2018/6/25 11:29:58
2.6430 2.6784 40.2758 1.1827 296.1500 8.2528 2018/6/25 11:30:0
2.6430 2.7175 113.5895 1.1825 296.2125 13.8606 2018/6/25 11:30:2
2.6430 2.7273 103.8144 1.1827 296.1500 13.2494 2018/6/25 11:30:4
2.6430 2.7077 50.0510 1.1828 296.1500 9.1994 2018/6/25 11:30:6
2.6430 2.7028 74.4889 1.1827 296.1500 11.2234 2018/6/25 11:30:7
2.6430 2.6979 40.2758 1.1827 296.1500 8.2528 2018/6/25 11:30:9
2.6430 2.6979 59.8261 1.1828 296.1500 10.0580 2018/6/25 11:30:11
2.6430 2.6735 45.1634 1.1827 296.1500 8.7390 2018/6/25 11:30:13
2.6430 2.7468 84.2640 1.1829 296.0875 11.9360 2018/6/25 11:30:15
2.6430 2.7370 54.9386 1.1829 296.0875 9.6377 2018/6/25 11:30:17
2.6430 2.7077 69.6013 1.1829 296.0875 10.8478 2018/6/25 11:30:18
2.6430 2.7273 59.8261 1.1831 296.0250 10.0564 2018/6/25 11:30:20
2.6430 2.7273 15.8379 1.1832 296.0250 5.1741 2018/6/25 11:30:22
2.6430 2.7224 25.6131 1.1831 296.0250 6.5800 2018/6/25 11:30:24
2.6430 2.7468 40.2758 1.1832 296.0250 8.2510 2018/6/25 11:30:26
2.6430 2.6784 54.9386 1.1833 296.0250 9.6364 2018/6/25 11:30:28
2.6430 2.7175 69.6013 1.1832 296.0250 10.8467 2018/6/25 11:30:29
2.6430 2.6735 74.4889 1.1832 296.0250 11.2210 2018/6/25 11:30:31
2.6430 2.6833 59.8261 1.1831 296.0250 10.0564 2018/6/25 11:30:33
2.6430 2.7273 84.2640 1.1832 296.0250 11.9347 2018/6/25 11:30:35
2.6430 2.7224 35.3882 1.1831 296.0250 7.7345 2018/6/25 11:30:37
2.6430 2.6979 94.0392 1.1831 296.0250 12.6083 2018/6/25 11:30:38
2.6430 2.7468 50.0510 1.1832 296.0250 9.1982 2018/6/25 11:30:40
2.6430 2.6979 74.4889 1.1831 296.0250 11.2214 2018/6/25 11:30:42
2.6430 2.7224 54.9386 1.1829 296.0875 9.6377 2018/6/25 11:30:44
2.6430 2.6833 35.3882 1.1829 296.0875 7.7352 2018/6/25 11:30:46
2.6430 2.6931 69.6013 1.1828 296.0875 10.8483 2018/6/25 11:30:48
2.6430 2.6931 54.9386 1.1829 296.0875 9.6380 2018/6/25 11:30:50
2.6430 2.7077 64.7137 1.1827 296.1500 10.4610 2018/6/25 11:30:51
2.6430 2.7175 45.1634 1.1826 296.1500 8.7395 2018/6/25 11:30:53
2.6430 2.7028 108.7019 1.1827 296.1500 13.5583 2018/6/25 11:30:55
2.6430 2.7224 15.8379 1.1824 296.2125 5.1759 2018/6/25 11:30:57
2.6430 2.7126 64.7137 1.1824 296.2125 10.4624 2018/6/25 11:30:59
2.6430 2.7322 59.8261 1.1824 296.2125 10.0597 2018/6/25 11:31:0
2.6430 2.6931 59.8261 1.1824 296.2125 10.0595 2018/6/25 11:31:2
2.6430 2.7224 40.2758 1.1824 296.2125 8.2540 2018/6/25 11:31:4
2.6430 2.6637 25.6131 1.1824 296.2125 6.5822 2018/6/25 11:31:6
2.6430 2.6735 64.7137 1.1821 296.2750 10.4637 2018/6/25 11:31:8
2.6430 2.6833 69.6013 1.1821 296.2750 10.8516 2018/6/25 11:31:10
2.6430 2.7175 64.7137 1.1819 296.3375 10.4646 2018/6/25 11:31:11
2.6430 2.6931 64.7137 1.1818 296.3375 10.4649 2018/6/25 11:31:13
2.6430 2.6882 69.6013 1.1819 296.3375 10.8526 2018/6/25 11:31:15
2.6430 2.6931 69.6013 1.1819 296.3375 10.8526 2018/6/25 11:31:17
2.6430 2.7028 94.0392 1.1816 296.4000 12.6162 2018/6/25 11:31:19
2.6430 2.6882 69.6013 1.1816 296.4000 10.8537 2018/6/25 11:31:21
2.6430 2.6784 35.3882 1.1816 296.4000 7.7395 2018/6/25 11:31:22
2.6430 2.6882 69.6013 1.1818 296.3375 10.8531 2018/6/25 11:31:24
2.6430 2.6637 69.6013 1.1816 296.4000 10.8542 2018/6/25 11:31:26
2.6430 2.7028 89.1516 1.1815 296.4000 12.2844 2018/6/25 11:31:28
2.6430 2.7126 79.3765 1.1818 296.3375 11.5901 2018/6/25 11:31:30
2.6430 2.6833 89.1516 1.1818 296.3375 12.2831 2018/6/25 11:31:32
2.6430 2.6882 64.7137 1.1818 296.3375 10.4651 2018/6/25 11:31:33
2.6430 2.6882 54.9386 1.1818 296.3375 9.6422 2018/6/25 11:31:35
2.6430 2.7175 59.8261 1.1818 296.3375 10.0622 2018/6/25 11:31:37
2.6430 2.7224 25.6131 1.1818 296.3375 6.5838 2018/6/25 11:31:39
2.6430 2.7126 54.9386 1.1818 296.3375 9.6423 2018/6/25 11:31:41
2.6430 2.6686 10.9501 1.1817 296.3375 4.3049 2018/6/25 11:31:43
2.6430 2.6882 -13.4878 1.1820 296.2750 nan 2018/6/25 11:31:44
2.6430 2.6979 84.2640 1.1817 296.3375 11.9419 2018/6/25 11:31:46
2.6430 2.6784 79.3765 1.1820 296.2750 11.5894 2018/6/25 11:31:48
2.6430 2.6979 40.2758 1.1820 296.2750 8.2553 2018/6/25 11:31:50
2.6430 2.6833 30.5006 1.1820 296.2750 7.1839 2018/6/25 11:31:52
2.6430 2.7126 59.8261 1.1820 296.2750 10.0611 2018/6/25 11:31:54
2.6430 2.7224 79.3765 1.1820 296.2750 11.5893 2018/6/25 11:31:55
2.6430 2.7077 64.7137 1.1819 296.2750 10.4645 2018/6/25 11:31:57
2.6430 2.6833 79.3765 1.1820 296.2750 11.5894 2018/6/25 11:31:59
2.6430 2.6979 59.8261 1.1818 296.3375 10.0623 2018/6/25 11:32:1
2.6430 2.6882 25.6131 1.1817 296.3375 6.5840 2018/6/25 11:32:3
2.6430 2.6637 30.5006 1.1817 296.3375 7.1848 2018/6/25 11:32:5
2.6430 2.7419 20.7255 1.1817 296.3375 5.9225 2018/6/25 11:32:6
2.6430 2.6882 20.7255 1.1817 296.3375 5.9226 2018/6/25 11:32:8
2.6430 2.6931 64.7137 1.1817 296.3375 10.4654 2018/6/25 11:32:10
2.6430 2.7175 45.1634 1.1815 296.4000 8.7436 2018/6/25 11:32:12
2.6430 2.7224 64.7137 1.1815 296.4000 10.4664 2018/6/25 11:32:14
2.6430 2.6882 35.3882 1.1815 296.4000 7.7398 2018/6/25 11:32:16
2.6430 2.6882 59.8261 1.1815 296.4000 10.0632 2018/6/25 11:32:17
2.6430 2.7273 45.1634 1.1815 296.4000 8.7438 2018/6/25 11:32:19
2.6430 2.7273 50.0510 1.1815 296.4000 9.2045 2018/6/25 11:32:21
2.6430 2.7077 30.5006 1.1814 296.4000 7.1856 2018/6/25 11:32:23
2.6430 2.6931 50.0510 1.1815 296.4000 9.2047 2018/6/25 11:32:25
2.6430 2.6882 74.4889 1.1815 296.4000 11.2291 2018/6/25 11:32:27
2.6430 2.6931 54.9386 1.1815 296.4000 9.6436 2018/6/25 11:32:28
2.6430 2.7077 64.7137 1.1815 296.4000 10.4664 2018/6/25 11:32:30
2.6430 2.7028 69.6013 1.1815 296.4000 10.8543 2018/6/25 11:32:32
2.6430 2.6979 35.3882 1.1815 296.4000 7.7398 2018/6/25 11:32:34
2.6430 2.6491 69.6013 1.1815 296.4000 10.8544 2018/6/25 11:32:36
2.6430 2.6882 64.7137 1.1816 296.4000 10.4661 2018/6/25 11:32:38
2.6430 2.6784 89.1516 1.1816 296.4000 12.2843 2018/6/25 11:32:39
2.6430 2.6784 45.1634 1.1816 296.4000 8.7434 2018/6/25 11:32:41
2.6430 2.7322 64.7137 1.1817 296.3375 10.4654 2018/6/25 11:32:43
2.6430 2.7077 94.0392 1.1815 296.4000 12.6170 2018/6/25 11:32:45
2.6430 2.7028 54.9386 1.1818 296.3375 9.6425 2018/6/25 11:32:47
2.6430 2.6784 50.0510 1.1817 296.3375 9.2036 2018/6/25 11:32:49
2.6430 2.6540 20.7255 1.1818 296.3375 5.9224 2018/6/25 11:32:50
2.6430 2.6833 98.9268 1.1818 296.3375 12.9388 2018/6/25 11:32:52
2.6430 2.6931 59.8261 1.1818 296.3375 10.0622 2018/6/25 11:32:54
2.6430 2.6833 64.7137 1.1818 296.3375 10.4650 2018/6/25 11:32:56
2.6430 2.7028 25.6131 1.1818 296.3375 6.5838 2018/6/25 11:32:58
2.6430 2.6784 50.0510 1.1818 296.3375 9.2033 2018/6/25 11:33:0
2.6430 2.6833 45.1634 1.1818 296.3375 8.7425 2018/6/25 11:33:1
2.6430 2.7224 35.3882 1.1818 296.3375 7.7389 2018/6/25 11:33:3
2.6430 2.6979 25.6131 1.1815 296.4000 6.5846 2018/6/25 11:33:5
2.6430 2.6735 20.7255 1.1815 296.4000 5.9231 2018/6/25 11:33:7
2.6430 2.6833 54.9386 1.1815 296.4000 9.6434 2018/6/25 11:33:9
2.6430 2.7126 45.1634 1.1815 296.4000 8.7435 2018/6/25 11:33:11
2.6430 2.6882 94.0392 1.1815 296.4000 12.6168 2018/6/25 11:33:12
2.6430 2.6833 59.8261 1.1816 296.4000 10.0631 2018/6/25 11:33:14
2.6430 2.6882 50.0510 1.1815 296.4000 9.2046 2018/6/25 11:33:16
2.6430 2.7028 40.2758 1.1815 296.4000 8.2570 2018/6/25 11:33:18
2.6430 2.7126 59.8261 1.1816 296.4000 10.0631 2018/6/25 11:33:20
2.6430 2.7028 50.0510 1.1816 296.4000 9.2044 2018/6/25 11:33:22
2.6430 2.6784 45.1634 1.1815 296.4000 8.7436 2018/6/25 11:33:23
2.6430 2.7175 69.6013 1.1815 296.4000 10.8545 2018/6/25 11:33:25
2.6430 2.7077 35.3882 1.1815 296.4000 7.7396 2018/6/25 11:33:27
2.6430 2.7322 69.6013 1.1817 296.3375 10.8533 2018/6/25 11:33:29
2.6430 2.7224 30.5006 1.1817 296.3375 7.1847 2018/6/25 11:33:31
2.6430 2.6833 25.6131 1.1817 296.3375 6.5840 2018/6/25 11:33:33
2.6430 2.6735 64.7137 1.1817 296.3375 10.4654 2018/6/25 11:33:34
2.6430 2.7126 89.1516 1.1817 296.3375 12.2836 2018/6/25 11:33:36
2.6430 2.6735 94.0392 1.1817 296.3375 12.6156 2018/6/25 11:33:38
2.6430 2.7077 103.8144 1.1817 296.3375 13.2554 2018/6/25 11:33:40
2.6430 2.6882 50.0510 1.1817 296.3375 9.2037 2018/6/25 11:33:42
2.6430 2.6491 50.0510 1.1817 296.3375 9.2037 2018/6/25 11:33:44
2.6430 2.6979 40.2758 1.1817 296.3375 8.2562 2018/6/25 11:33:45
2.6430 2.7126 6.0625 1.1819 296.2750 3.2030 2018/6/25 11:33:47
2.6430 2.6979 98.9268 1.1818 296.3375 12.9393 2018/6/25 11:33:49
2.6430 2.7077 59.8261 1.1819 296.2750 10.0616 2018/6/25 11:33:51
2.6430 2.6833 64.7137 1.1817 296.3375 10.4656 2018/6/25 11:33:53
2.6430 2.6686 45.1634 1.1819 296.2750 8.7421 2018/6/25 11:33:55
2.6430 2.6882 64.7137 1.1819 296.2750 10.4645 2018/6/25 11:33:56
2.6430 2.6979 113.5895 1.1819 296.2750 13.8639 2018/6/25 11:33:58
2.6430 2.6833 59.8261 1.1819 296.2750 10.0617 2018/6/25 11:34:0
2.6430 2.6735 50.0510 1.1820 296.2750 9.2028 2018/6/25 11:34:2
2.6430 2.7175 79.3765 1.1822 296.2125 11.5883 2018/6/25 11:34:4
2.6430 2.6833 40.2758 1.1821 296.2125 8.2547 2018/6/25 11:34:6
2.6430 2.6882 89.1516 1.1822 296.2125 12.2811 2018/6/25 11:34:7
2.6430 2.7175 50.0510 1.1820 296.2750 9.2028 2018/6/25 11:34:9
2.6430 2.7175 79.3765 1.1819 296.2750 11.5897 2018/6/25 11:34:11
2.6430 2.6833 69.6013 1.1819 296.2750 10.8525 2018/6/25 11:34:13
2.6430 2.6637 45.1634 1.1822 296.2125 8.7412 2018/6/25 11:34:15
2.6430 2.6833 50.0510 1.1821 296.2125 9.2021 2018/6/25 11:34:17
2.6430 2.7273 79.3765 1.1822 296.2125 11.5883 2018/6/25 11:34:18
2.6430 2.6833 50.0510 1.1822 296.2125 9.2020 2018/6/25 11:34:20
2.6430 2.6882 35.3882 1.1822 296.2125 7.7375 2018/6/25 11:34:22
2.6430 2.6931 15.8379 1.1824 296.1500 5.1759 2018/6/25 11:34:24
2.6430 2.6588 6.0625 1.1822 296.2125 3.2026 2018/6/25 11:34:26
2.6430 2.6686 59.8261 1.1822 296.2125 10.0603 2018/6/25 11:34:28
2.6430 2.7077 64.7137 1.1824 296.1500 10.4623 2018/6/25 11:34:29
2.6430 2.6735 64.7137 1.1824 296.1500 10.4624 2018/6/25 11:34:31
2.6430 2.6735 79.3765 1.1827 296.0875 11.5860 2018/6/25 11:34:33
2.6430 2.6735 6.0625 1.1827 296.0875 3.2019 2018/6/25 11:34:35
2.6430 2.7077 94.0392 1.1827 296.0875 12.6106 2018/6/25 11:34:37
2.6430 2.6979 79.3765 1.1826 296.0875 11.5860 2018/6/25 11:34:39
2.6430 2.7028 54.9386 1.1827 296.0875 9.6385 2018/6/25 11:34:40
2.6430 2.7126 15.8379 1.1827 296.0875 5.1752 2018/6/25 11:34:42
2.6430 2.7126 15.8379 1.1827 296.0875 5.1751 2018/6/25 11:34:44
2.6430 2.7175 45.1634 1.1828 296.0875 8.7390 2018/6/25 11:34:46
2.6430 2.6833 50.0510 1.1827 296.0875 9.1998 2018/6/25 11:34:48
2.6430 2.6931 54.9386 1.1825 296.1500 9.6397 2018/6/25 11:34:50
2.6430 2.7273 64.7137 1.1824 296.1500 10.4622 2018/6/25 11:34:51
2.6430 2.6735 74.4889 1.1823 296.2125 11.2254 2018/6/25 11:34:53
2.6430 2.7175 54.9386 1.1823 296.2125 9.6404 2018/6/25 11:34:55
2.6430 2.6833 74.4889 1.1823 296.2125 11.2255 2018/6/25 11:34:57
2.6430 2.6882 69.6013 1.1822 296.2125 10.8510 2018/6/25 11:34:59
2.6430 2.6735 74.4889 1.1822 296.2125 11.2256 2018/6/25 11:35:1
2.6430 2.6979 74.4889 1.1822 296.2125 11.2256 2018/6/25 11:35:2
2.6430 2.7322 35.3882 1.1822 296.2125 7.7375 2018/6/25 11:35:4
2.6430 2.6931 50.0510 1.1823 296.2125 9.2016 2018/6/25 11:35:6
2.6430 2.6882 15.8379 1.1823 296.2125 5.1760 2018/6/25 11:35:8
2.6430 2.6979 69.6013 1.1823 296.2125 10.8507 2018/6/25 11:35:10
2.6430 2.6784 89.1516 1.1821 296.2750 12.2817 2018/6/25 11:35:12
2.6430 2.6637 40.2758 1.1821 296.2750 8.2550 2018/6/25 11:35:13
2.6430 2.6979 50.0510 1.1821 296.2750 9.2024 2018/6/25 11:35:15
2.6430 2.6686 94.0392 1.1818 296.3375 12.6153 2018/6/25 11:35:17
2.6430 2.6882 89.1516 1.1818 296.3375 12.2830 2018/6/25 11:35:19
2.6430 2.7126 45.1634 1.1818 296.3375 8.7426 2018/6/25 11:35:21
2.6430 2.6979 74.4889 1.1818 296.3375 11.2278 2018/6/25 11:35:22
2.6430 2.6931 35.3882 1.1815 296.4000 7.7398 2018/6/25 11:35:24
2.6430 2.6588 74.4889 1.1816 296.4000 11.2287 2018/6/25 11:35:26
2.6430 2.6882 59.8261 1.1816 296.4000 10.0631 2018/6/25 11:35:28
2.6430 2.6637 30.5006 1.1814 296.4625 7.1858 2018/6/25 11:35:30
2.6430 2.6931 74.4889 1.1815 296.4000 11.2291 2018/6/25 11:35:32
2.6430 2.7224 79.3765 1.1813 296.4625 11.5928 2018/6/25 11:35:33
2.6430 2.6833 59.8261 1.1813 296.4625 10.0641 2018/6/25 11:35:35
2.6430 2.6784 69.6013 1.1811 296.5250 10.8562 2018/6/25 11:35:37
2.6430 2.7028 45.1634 1.1811 296.5250 8.7451 2018/6/25 11:35:39
2.6430 2.6833 25.6131 1.1811 296.5250 6.5858 2018/6/25 11:35:41
2.6430 2.6784 54.9386 1.1811 296.5250 9.6452 2018/6/25 11:35:43
2.6430 2.7224 74.4889 1.1809 296.5875 11.2321 2018/6/25 11:35:44
2.6430 2.6882 20.7255 1.1809 296.5875 5.9247 2018/6/25 11:35:46
2.6430 2.7224 69.6013 1.1808 296.5875 10.8575 2018/6/25 11:35:48
2.6430 2.6931 25.6131 1.1808 296.5875 6.5864 2018/6/25 11:35:50
2.6430 2.6784 69.6013 1.1806 296.6500 10.8586 2018/6/25 11:35:52
2.6430 2.7126 113.5895 1.1808 296.5875 13.8704 2018/6/25 11:35:54
2.6430 2.6931 64.7137 1.1808 296.5875 10.4696 2018/6/25 11:35:55
2.6430 2.7126 74.4889 1.1806 296.6500 11.2335 2018/6/25 11:35:57
2.6430 2.7224 45.1634 1.1806 296.6500 8.7471 2018/6/25 11:35:59
2.6430 2.6833 103.8144 1.1806 296.6500 13.2615 2018/6/25 11:36:1
2.6430 2.6735 45.1634 1.1806 296.6500 8.7470 2018/6/25 11:36:3
2.6430 2.7126 89.1516 1.1808 296.5875 12.2883 2018/6/25 11:36:5
2.6430 2.6979 50.0510 1.1808 296.5875 9.2073 2018/6/25 11:36:6
2.6430 2.7175 84.2640 1.1808 296.5875 11.9466 2018/6/25 11:36:8
2.6430 2.6882 64.7137 1.1808 296.5875 10.4695 2018/6/25 11:36:10
2.6430 2.6979 10.9501 1.1806 296.6500 4.3069 2018/6/25 11:36:12
2.6430 2.6588 69.6013 1.1809 296.5875 10.8573 2018/6/25 11:36:14
2.6430 2.6735 10.9501 1.1808 296.5875 4.3066 2018/6/25 11:36:16
2.6430 2.6735 54.9386 1.1808 296.5875 9.6464 2018/6/25 11:36:17
2.6430 2.7028 40.2758 1.1808 296.5875 8.2594 2018/6/25 11:36:19
2.6430 2.6833 10.9501 1.1806 296.6500 4.3070 2018/6/25 11:36:21
2.6430 2.6540 35.3882 1.1808 296.5875 7.7420 2018/6/25 11:36:23
2.6430 2.6882 64.7137 1.1808 296.5875 10.4693 2018/6/25 11:36:25
2.6430 2.7224 20.7255 1.1808 296.5875 5.9249 2018/6/25 11:36:27
2.6430 2.6735 59.8261 1.1808 296.5875 10.0665 2018/6/25 11:36:28
2.6430 2.6833 84.2640 1.1808 296.5875 11.9469 2018/6/25 11:36:30
2.6430 2.6882 30.5006 1.1809 296.5250 7.1871 2018/6/25 11:36:32
2.6430 2.6979 79.3765 1.1809 296.5250 11.5944 2018/6/25 11:36:34
2.6430 2.6784 25.6131 1.1807 296.5875 6.5867 2018/6/25 11:36:36
2.6430 2.6882 25.6131 1.1810 296.5250 6.5861 2018/6/25 11:36:38
2.6430 2.6784 6.0625 1.1810 296.5250 3.2042 2018/6/25 11:36:39
2.6430 2.6833 79.3765 1.1810 296.5250 11.5942 2018/6/25 11:36:41
2.6430 2.6833 64.7137 1.1812 296.4625 10.4678 2018/6/25 11:36:43
2.6430 2.6931 40.2758 1.1812 296.4625 8.2580 2018/6/25 11:36:45
2.6430 2.6979 54.9386 1.1812 296.4625 9.6450 2018/6/25 11:36:47
2.6430 2.6588 54.9386 1.1811 296.4625 9.6450 2018/6/25 11:36:49
2.6430 2.7028 35.3882 1.1814 296.4000 7.7402 2018/6/25 11:36:50
2.6430 2.6588 79.3765 1.1814 296.4000 11.5920 2018/6/25 11:36:52
2.6430 2.7126 1.1749 1.1813 296.4000 1.4104 2018/6/25 11:36:54
2.6430 2.7322 54.9386 1.1814 296.4000 9.6439 2018/6/25 11:36:56
2.6430 2.6686 74.4889 1.1814 296.4000 11.2294 2018/6/25 11:36:58
2.6430 2.6979 64.7137 1.1814 296.4000 10.4668 2018/6/25 11:37:0
2.6430 2.6979 40.2758 1.1815 296.4000 8.2571 2018/6/25 11:37:1
2.6430 2.7028 84.2640 1.1814 296.4000 11.9435 2018/6/25 11:37:3
2.6430 2.7028 30.5006 1.1814 296.4000 7.1857 2018/6/25 11:37:5
2.6430 2.7028 15.8379 1.1814 296.4000 5.1779 2018/6/25 11:37:7
2.6430 2.6686 69.6013 1.1817 296.3375 10.8537 2018/6/25 11:37:9
2.6430 2.6540 89.1516 1.1815 296.4000 12.2848 2018/6/25 11:37:11
2.6430 2.6931 79.3765 1.1815 296.4000 11.5918 2018/6/25 11:37:12
2.6430 2.6833 35.3882 1.1814 296.4000 7.7400 2018/6/25 11:37:14
2.6430 2.7224 25.6131 1.1814 296.4000 6.5848 2018/6/25 11:37:16
2.6430 2.6931 10.9501 1.1814 296.4000 4.3054 2018/6/25 11:37:18
2.6430 2.7028 20.7255 1.1815 296.4000 5.9232 2018/6/25 11:37:20
2.6430 2.6931 69.6013 1.1815 296.4000 10.8544 2018/6/25 11:37:22
2.6430 2.6833 59.8261 1.1815 296.4000 10.0634 2018/6/25 11:37:23
2.6430 2.6735 74.4889 1.1816 296.3375 11.2284 2018/6/25 11:37:25
2.6430 2.6784 10.9501 1.1815 296.4000 4.3054 2018/6/25 11:37:27
2.6430 2.7175 40.2758 1.1816 296.3375 8.2564 2018/6/25 11:37:29
2.6430 2.7175 40.2758 1.1815 296.4000 8.2571 2018/6/25 11:37:31
2.6430 2.7028 50.0510 1.1815 296.4000 9.2044 2018/6/25 11:37:33
2.6430 2.7028 79.3765 1.1815 296.4000 11.5916 2018/6/25 11:37:34
2.6430 2.6931 50.0510 1.1815 296.4000 9.2047 2018/6/25 11:37:36
2.6430 2.6833 40.2758 1.1815 296.4000 8.2570 2018/6/25 11:37:38
2.6430 2.6686 98.9268 1.1817 296.3375 12.9395 2018/6/25 11:37:40
2.6430 2.6979 74.4889 1.1815 296.4000 11.2292 2018/6/25 11:37:42
2.6430 2.6931 30.5006 1.1814 296.4000 7.1856 2018/6/25 11:37:44
2.6430 2.6931 98.9268 1.1814 296.4000 12.9409 2018/6/25 11:37:45
2.6430 2.6491 35.3882 1.1815 296.4000 7.7398 2018/6/25 11:37:47
2.6430 2.6442 1.1749 1.1815 296.4000 1.4103 2018/6/25 11:37:49
2.6430 2.6393 -3.7127 1.1815 296.4000 nan 2018/6/25 11:37:51
2.6430 2.6393 1.1749 1.1817 296.3375 1.4102 2018/6/25 11:37:53
2.6430 2.6393 -3.7127 1.1816 296.3375 nan 2018/6/25 11:37:55
2.6430 2.6393 -3.7127 1.1820 296.2750 nan 2018/6/25 11:37:56
2.6430 2.6393 -3.7127 1.1819 296.2750 nan 2018/6/25 11:37:58
2.6430 2.6393 -3.7127 1.1819 296.2750 nan 2018/6/25 11:38:0
2.6430 2.6393 -3.7127 1.1817 296.3375 nan 2018/6/25 11:38:2
2.6430 2.6393 -3.7127 1.1819 296.2750 nan 2018/6/25 11:38:4
2.6430 2.6393 -3.7127 1.1818 296.2750 nan 2018/6/25 11:38:6
2.6430 2.6442 -3.7127 1.1819 296.2750 nan 2018/6/25 11:38:7
2.6430 2.6393 -3.7127 1.1820 296.2750 nan 2018/6/25 11:38:9
2.6430 2.6393 -3.7127 1.1819 296.2750 nan 2018/6/25 11:38:11
2.6430 2.6393 -3.7127 1.1819 296.2750 nan 2018/6/25 11:38:13
2.6430 2.6393 -3.7127 1.1817 296.3375 nan 2018/6/25 11:38:15
2.6430 2.6393 -3.7127 1.1819 296.2750 nan 2018/6/25 11:38:17
2.6430 2.6393 -3.7127 1.1819 296.2750 nan 2018/6/25 11:38:18
2.6430 2.6393 -3.7127 1.1819 296.2750 nan 2018/6/25 11:38:20
2.6430 2.6393 -3.7127 1.1819 296.2750 nan 2018/6/25 11:38:22
2.6430 2.6393 -3.7127 1.1819 296.2750 nan 2018/6/25 11:38:24
2.6430 2.6442 -3.7127 1.1819 296.2750 nan 2018/6/25 11:38:26
2.6430 2.6393 -3.7127 1.1820 296.2750 nan 2018/6/25 11:38:27
2.6430 2.6393 -3.7127 1.1820 296.2750 nan 2018/6/25 11:38:29
2.6430 2.6393 -8.6002 1.1819 296.2750 nan 2018/6/25 11:38:31
2.6430 2.6393 -3.7127 1.1819 296.2750 nan 2018/6/25 11:38:33
2.6430 2.6393 -3.7127 1.1819 296.2750 nan 2018/6/25 11:38:35
2.6430 2.6882 64.7137 1.1820 296.2750 10.4642 2018/6/25 11:38:37
2.6430 2.7224 79.3765 1.1819 296.2750 11.5895 2018/6/25 11:38:38
2.6430 2.7224 59.8261 1.1817 296.3375 10.0625 2018/6/25 11:38:40
2.6430 2.6882 94.0392 1.1817 296.3375 12.6159 2018/6/25 11:38:42
2.6430 2.6686 79.3765 1.1818 296.3375 11.5903 2018/6/25 11:38:44
2.6430 2.7273 35.3882 1.1817 296.3375 7.7390 2018/6/25 11:38:46
2.6430 2.7175 89.1516 1.1815 296.4000 12.2846 2018/6/25 11:38:48
2.6430 2.7273 40.2758 1.1815 296.4000 8.2570 2018/6/25 11:38:49
2.6430 2.7126 79.3765 1.1815 296.4000 11.5917 2018/6/25 11:38:51
2.6430 2.6979 64.7137 1.1815 296.4000 10.4663 2018/6/25 11:38:53
2.6430 2.7077 98.9268 1.1817 296.3375 12.9395 2018/6/25 11:38:55
2.6430 2.7028 69.6013 1.1817 296.3375 10.8535 2018/6/25 11:38:57
2.6430 2.6637 54.9386 1.1815 296.4000 9.6436 2018/6/25 11:38:59
2.6430 2.6979 89.1516 1.1815 296.4000 12.2845 2018/6/25 11:39:0
2.6430 2.7273 50.0510 1.1815 296.4000 9.2046 2018/6/25 11:39:2
2.6430 2.6931 15.8379 1.1815 296.4000 5.1779 2018/6/25 11:39:4
2.6430 2.6931 20.7255 1.1812 296.4625 5.9238 2018/6/25 11:39:6
2.6430 2.6833 25.6131 1.1812 296.4625 6.5854 2018/6/25 11:39:8
2.6430 2.6637 74.4889 1.1812 296.4625 11.2304 2018/6/25 11:39:10
2.6430 2.7370 79.3765 1.1810 296.5250 11.5940 2018/6/25 11:39:11
2.6430 2.7077 59.8261 1.1810 296.5250 10.0655 2018/6/25 11:39:13
2.6430 2.7224 59.8261 1.1810 296.5250 10.0654 2018/6/25 11:39:15
2.6430 2.7175 40.2758 1.1808 296.5875 8.2595 2018/6/25 11:39:17
2.6430 2.7028 69.6013 1.1808 296.5875 10.8576 2018/6/25 11:39:19
2.6430 2.6540 54.9386 1.1808 296.5875 9.6465 2018/6/25 11:39:21
2.6430 2.7126 35.3882 1.1808 296.5875 7.7422 2018/6/25 11:39:22
2.6430 2.6686 69.6013 1.1805 296.6500 10.8589 2018/6/25 11:39:24
2.6430 2.7028 94.0392 1.1806 296.6500 12.6220 2018/6/25 11:39:26
2.6430 2.6931 89.1516 1.1805 296.6500 12.2897 2018/6/25 11:39:28
2.6430 2.7273 123.3647 1.1805 296.6500 14.4572 2018/6/25 11:39:30
2.6430 2.6882 50.0510 1.1803 296.7125 9.2094 2018/6/25 11:39:32
2.6430 2.7273 69.6013 1.1800 296.7750 10.8612 2018/6/25 11:39:33
2.6430 2.7273 35.3882 1.1800 296.7750 7.7446 2018/6/25 11:39:35
2.6430 2.7273 89.1516 1.1800 296.7750 12.2926 2018/6/25 11:39:37
2.6430 2.7077 54.9386 1.1798 296.8375 9.6506 2018/6/25 11:39:39
2.6430 2.6833 84.2640 1.1797 296.8375 11.9521 2018/6/25 11:39:41
2.6430 2.7468 79.3765 1.1797 296.8375 11.6003 2018/6/25 11:39:43
2.6430 2.7028 40.2758 1.1798 296.8375 8.2630 2018/6/25 11:39:44
2.6430 2.7077 98.9268 1.1797 296.8375 12.9504 2018/6/25 11:39:46
2.6430 2.6931 50.0510 1.1798 296.8375 9.2114 2018/6/25 11:39:48
2.6430 2.7175 69.6013 1.1797 296.8375 10.8625 2018/6/25 11:39:50
2.6430 2.7370 59.8261 1.1797 296.8375 10.0710 2018/6/25 11:39:52
2.6430 2.7322 35.3882 1.1797 296.8375 7.7456 2018/6/25 11:39:54
2.6430 2.6686 30.5006 1.1798 296.8375 7.1907 2018/6/25 11:39:55
2.6430 2.7126 79.3765 1.1796 296.9000 11.6011 2018/6/25 11:39:57
2.6430 2.6784 69.6013 1.1798 296.8375 10.8623 2018/6/25 11:39:59
2.6430 2.6784 79.3765 1.1796 296.9000 11.6011 2018/6/25 11:40:1
2.6430 2.6931 25.6131 1.1796 296.9000 6.5900 2018/6/25 11:40:3
2.6430 2.7273 35.3882 1.1796 296.9000 7.7461 2018/6/25 11:40:5
2.6430 2.7028 64.7137 1.1793 296.9625 10.4763 2018/6/25 11:40:6
2.6430 2.6882 59.8261 1.1794 296.9625 10.0724 2018/6/25 11:40:8
2.6430 2.7273 50.0510 1.1794 296.9625 9.2128 2018/6/25 11:40:10
2.6430 2.6784 64.7137 1.1794 296.9625 10.4759 2018/6/25 11:40:12
2.6430 2.7077 84.2640 1.1794 296.9625 11.9540 2018/6/25 11:40:14
2.6430 2.6931 35.3882 1.1794 296.9625 7.7467 2018/6/25 11:40:16
2.6430 2.7126 84.2640 1.1793 296.9625 11.9544 2018/6/25 11:40:17
2.6430 2.7028 59.8261 1.1791 297.0250 10.0736 2018/6/25 11:40:19
2.6430 2.6784 89.1516 1.1789 297.0875 12.2983 2018/6/25 11:40:21
2.6430 2.7175 54.9386 1.1789 297.0875 9.6543 2018/6/25 11:40:23
2.6430 2.6931 40.2758 1.1788 297.0875 8.2663 2018/6/25 11:40:25
2.6430 2.6784 45.1634 1.1786 297.1500 8.7543 2018/6/25 11:40:27
2.6430 2.7322 84.2640 1.1787 297.1500 11.9575 2018/6/25 11:40:28
2.6430 2.7224 50.0510 1.1786 297.1500 9.2158 2018/6/25 11:40:30
2.6430 2.7077 64.7137 1.1786 297.1500 10.4791 2018/6/25 11:40:32
2.6430 2.6735 103.8144 1.1786 297.1500 13.2728 2018/6/25 11:40:34
2.6430 2.7077 59.8261 1.1787 297.1500 10.0753 2018/6/25 11:40:36
2.6430 2.7322 54.9386 1.1787 297.1500 9.6551 2018/6/25 11:40:38
2.6430 2.6882 45.1634 1.1785 297.2125 8.7546 2018/6/25 11:40:39
2.6430 2.7175 54.9386 1.1781 297.2750 9.6574 2018/6/25 11:40:41
2.6430 2.7028 35.3882 1.1782 297.2750 7.7505 2018/6/25 11:40:43
2.6430 2.6882 54.9386 1.1781 297.2750 9.6574 2018/6/25 11:40:45
2.6430 2.7419 30.5006 1.1780 297.2750 7.1960 2018/6/25 11:40:47
2.6430 2.7077 79.3765 1.1781 297.2750 11.6086 2018/6/25 11:40:49
2.6430 2.7028 59.8261 1.1781 297.2750 10.0780 2018/6/25 11:40:50
2.6430 2.6833 84.2640 1.1783 297.2125 11.9594 2018/6/25 11:40:52
2.6430 2.7322 69.6013 1.1783 297.2125 10.8692 2018/6/25 11:40:54
2.6430 2.7126 30.5006 1.1783 297.2125 7.1953 2018/6/25 11:40:56
2.6430 2.7077 69.6013 1.1783 297.2125 10.8691 2018/6/25 11:40:58
2.6430 2.7273 98.9268 1.1783 297.2125 12.9582 2018/6/25 11:41:0
2.6430 2.6882 54.9386 1.1783 297.2125 9.6566 2018/6/25 11:41:1
2.6430 2.6882 69.6013 1.1785 297.1500 10.8683 2018/6/25 11:41:3
2.6430 2.7322 45.1634 1.1785 297.1500 8.7547 2018/6/25 11:41:5
2.6430 2.6686 50.0510 1.1783 297.2125 9.2170 2018/6/25 11:41:7
2.6430 2.7126 40.2758 1.1785 297.1500 8.2675 2018/6/25 11:41:9
2.6430 2.6833 45.1634 1.1786 297.1500 8.7545 2018/6/25 11:41:11
2.6430 2.7224 54.9386 1.1784 297.2125 9.6562 2018/6/25 11:41:12
2.6430 2.7370 40.2758 1.1782 297.2750 8.2686 2018/6/25 11:41:14
2.6430 2.7322 54.9386 1.1779 297.3375 9.6584 2018/6/25 11:41:16
2.6430 2.6882 50.0510 1.1779 297.3375 9.2185 2018/6/25 11:41:18
2.6430 2.7126 59.8261 1.1778 297.4000 10.0794 2018/6/25 11:41:20
2.6430 2.6491 84.2640 1.1776 297.4625 11.9627 2018/6/25 11:41:22
2.6430 2.6882 84.2640 1.1775 297.4625 11.9635 2018/6/25 11:41:23
2.6430 2.6588 45.1634 1.1773 297.5250 8.7591 2018/6/25 11:41:25
2.6430 2.6588 64.7137 1.1770 297.5875 10.4863 2018/6/25 11:41:27
2.6430 2.7419 69.6013 1.1771 297.5250 10.8746 2018/6/25 11:41:29
2.6430 2.7126 30.5006 1.1771 297.5875 7.1990 2018/6/25 11:41:31
2.6430 2.7175 50.0510 1.1769 297.6500 9.2226 2018/6/25 11:41:33
2.6430 2.7077 50.0510 1.1768 297.5875 9.2228 2018/6/25 11:41:34
2.6430 2.7517 79.3765 1.1770 297.5875 11.6135 2018/6/25 11:41:36
2.6430 2.6833 64.7137 1.1769 297.6500 10.4867 2018/6/25 11:41:38
2.6430 2.7322 50.0510 1.1768 297.7125 9.2231 2018/6/25 11:41:40
2.6430 2.6540 25.6131 1.1767 297.7125 6.5981 2018/6/25 11:41:42
2.6430 2.7224 74.4889 1.1764 297.7750 11.2534 2018/6/25 11:41:44
2.6430 2.7419 64.7137 1.1761 297.8375 10.4903 2018/6/25 11:41:45
2.6430 2.6979 98.9268 1.1761 297.8375 12.9703 2018/6/25 11:41:47
2.6430 2.7028 59.8261 1.1762 297.8375 10.0862 2018/6/25 11:41:49
2.6430 2.7224 50.0510 1.1758 297.9000 9.2267 2018/6/25 11:41:51
2.6430 2.6833 94.0392 1.1757 297.9625 12.6482 2018/6/25 11:41:53
2.6430 2.6931 74.4889 1.1755 297.9625 11.2575 2018/6/25 11:41:55
2.6430 2.7077 79.3765 1.1753 298.0250 11.6223 2018/6/25 11:41:56
2.6430 2.7028 30.5006 1.1750 298.0875 7.2052 2018/6/25 11:41:58
2.6430 2.6882 54.9386 1.1748 298.1500 9.6710 2018/6/25 11:42:0
2.6430 2.6979 54.9386 1.1748 298.1500 9.6708 2018/6/25 11:42:2
2.6430 2.6735 54.9386 1.1746 298.2125 9.6718 2018/6/25 11:42:4
2.6430 2.7175 103.8144 1.1745 298.2125 13.2959 2018/6/25 11:42:6
2.6430 2.6931 15.8379 1.1744 298.2750 5.1935 2018/6/25 11:42:7
2.6430 2.6979 69.6013 1.1744 298.2750 10.8874 2018/6/25 11:42:9
2.6430 2.7224 40.2758 1.1741 298.3375 8.2831 2018/6/25 11:42:11
2.6430 2.7028 50.0510 1.1742 298.3375 9.2333 2018/6/25 11:42:13
2.6430 2.7224 69.6013 1.1741 298.3375 10.8884 2018/6/25 11:42:15
2.6430 2.6979 79.3765 1.1740 298.4000 11.6287 2018/6/25 11:42:17
2.6430 2.7322 59.8261 1.1737 298.4625 10.0966 2018/6/25 11:42:18
2.6430 2.6979 69.6013 1.1736 298.5250 10.8911 2018/6/25 11:42:20
2.6430 2.7126 59.8261 1.1735 298.5250 10.0978 2018/6/25 11:42:22
2.6430 2.6637 69.6013 1.1733 298.5875 10.8923 2018/6/25 11:42:24
2.6430 2.7517 98.9268 1.1730 298.6500 12.9874 2018/6/25 11:42:26
2.6430 2.7322 40.2758 1.1733 298.5875 8.2858 2018/6/25 11:42:28
2.6430 2.7028 74.4889 1.1733 298.5875 11.2683 2018/6/25 11:42:29
2.6430 2.6931 59.8261 1.1731 298.6500 10.0991 2018/6/25 11:42:31
2.6430 2.6686 50.0510 1.1731 298.6500 9.2374 2018/6/25 11:42:33
2.6430 2.7224 54.9386 1.1731 298.6500 9.6780 2018/6/25 11:42:35
2.6430 2.7273 94.0392 1.1728 298.7125 12.6637 2018/6/25 11:42:37
2.6430 2.6882 84.2640 1.1728 298.7125 11.9872 2018/6/25 11:42:38
2.6430 2.7175 79.3765 1.1728 298.7125 11.6346 2018/6/25 11:42:40
2.6430 2.7028 6.0625 1.1728 298.7125 3.2154 2018/6/25 11:42:42
2.6430 2.6833 40.2758 1.1729 298.7125 8.2873 2018/6/25 11:42:44
2.6430 2.7224 74.4889 1.1727 298.7750 11.2713 2018/6/25 11:42:46
2.6430 2.7126 79.3765 1.1724 298.8375 11.6365 2018/6/25 11:42:48
2.6430 2.7273 89.1516 1.1724 298.8375 12.3322 2018/6/25 11:42:49
2.6430 2.7126 69.6013 1.1722 298.9000 10.8975 2018/6/25 11:42:51
2.6430 2.7077 74.4889 1.1720 298.9625 11.2746 2018/6/25 11:42:53
2.6430 2.7273 74.4889 1.1720 298.9625 11.2745 2018/6/25 11:42:55
2.6430 2.6979 103.8144 1.1719 298.9625 13.3105 2018/6/25 11:42:57
2.6430 2.7419 74.4889 1.1718 299.0250 11.2757 2018/6/25 11:42:59
2.6430 2.6833 50.0510 1.1715 299.0875 9.2437 2018/6/25 11:43:0
2.6430 2.7566 45.1634 1.1713 299.1500 8.7816 2018/6/25 11:43:2
2.6430 2.7126 35.3882 1.1713 299.1500 7.7734 2018/6/25 11:43:4
2.6430 2.6979 64.7137 1.1711 299.2125 10.5129 2018/6/25 11:43:6
2.6430 2.7322 64.7137 1.1710 299.2125 10.5131 2018/6/25 11:43:8
2.6430 2.6931 54.9386 1.1708 299.2750 9.6876 2018/6/25 11:43:10
2.6430 2.7126 59.8261 1.1706 299.3375 10.1101 2018/6/25 11:43:11
2.6430 2.7322 35.3882 1.1706 299.3375 7.7758 2018/6/25 11:43:13
2.6430 2.6784 64.7137 1.1706 299.3375 10.5150 2018/6/25 11:43:15
2.6430 2.6833 59.8261 1.1706 299.3375 10.1103 2018/6/25 11:43:17
2.6430 2.7273 59.8261 1.1708 299.2750 10.1092 2018/6/25 11:43:19
2.6430 2.7224 64.7137 1.1708 299.2750 10.5139 2018/6/25 11:43:21
2.6430 2.6588 64.7137 1.1707 299.3375 10.5147 2018/6/25 11:43:22
2.6430 2.6784 50.0510 1.1705 299.4000 9.2477 2018/6/25 11:43:24
2.6430 2.7322 45.1634 1.1704 299.4000 8.7849 2018/6/25 11:43:26
2.6430 2.7126 35.3882 1.1702 299.4625 7.7772 2018/6/25 11:43:28
2.6430 2.7175 69.6013 1.1702 299.4625 10.9069 2018/6/25 11:43:30
2.6430 2.7419 89.1516 1.1699 299.5250 12.3454 2018/6/25 11:43:32
2.6430 2.6931 94.0392 1.1699 299.5250 12.6794 2018/6/25 11:43:33
2.6430 2.7322 35.3882 1.1699 299.5250 7.7781 2018/6/25 11:43:35
2.6430 2.7175 59.8261 1.1699 299.5250 10.1133 2018/6/25 11:43:37
2.6430 2.6637 64.7137 1.1699 299.5250 10.5183 2018/6/25 11:43:39
2.6430 2.7322 74.4889 1.1698 299.5250 11.2849 2018/6/25 11:43:41
2.6430 2.7322 79.3765 1.1700 299.4625 11.6485 2018/6/25 11:43:43
2.6430 2.6735 84.2640 1.1698 299.4625 12.0025 2018/6/25 11:43:44
2.6430 2.6882 98.9268 1.1700 299.4000 13.0043 2018/6/25 11:43:46
2.6430 2.7224 113.5895 1.1702 299.3375 13.9333 2018/6/25 11:43:48
2.6430 2.6979 35.3882 1.1705 299.2750 7.7759 2018/6/25 11:43:50
2.6430 2.7224 10.9501 1.1708 299.2125 4.3250 2018/6/25 11:43:52
2.6430 2.7713 54.9386 1.1709 299.2125 9.6872 2018/6/25 11:43:54
2.6430 2.7224 50.0510 1.1711 299.1500 9.2454 2018/6/25 11:43:55
2.6430 2.6979 59.8261 1.1711 299.1500 10.1078 2018/6/25 11:43:57
2.6430 2.7175 64.7137 1.1712 299.1500 10.5125 2018/6/25 11:43:59
2.6430 2.7273 30.5006 1.1711 299.1500 7.2172 2018/6/25 11:44:1
2.6430 2.7126 59.8261 1.1711 299.1500 10.1077 2018/6/25 11:44:3
2.6430 2.7468 103.8144 1.1712 299.1500 13.3144 2018/6/25 11:44:5
2.6430 2.6833 84.2640 1.1712 299.1500 11.9953 2018/6/25 11:44:6
2.6430 2.7468 69.6013 1.1711 299.2125 10.9026 2018/6/25 11:44:8
2.6430 2.7126 40.2758 1.1712 299.1500 8.2933 2018/6/25 11:44:10
2.6430 2.7028 98.9268 1.1712 299.1500 12.9975 2018/6/25 11:44:12
2.6430 2.6979 69.6013 1.1713 299.0875 10.9014 2018/6/25 11:44:14
2.6430 2.7175 74.4889 1.1713 299.0875 11.2776 2018/6/25 11:44:16
2.6430 2.6931 74.4889 1.1712 299.1500 11.2783 2018/6/25 11:44:17
2.6430 2.7077 54.9386 1.1709 299.2125 9.6870 2018/6/25 11:44:19
2.6430 2.6882 25.6131 1.1711 299.2125 6.6138 2018/6/25 11:44:21
2.6430 2.6833 74.4889 1.1708 299.2750 11.2805 2018/6/25 11:44:23
2.6430 2.6979 45.1634 1.1707 299.2750 8.7837 2018/6/25 11:44:25
2.6430 2.6979 64.7137 1.1707 299.2750 10.5144 2018/6/25 11:44:27
2.6430 2.7468 45.1634 1.1707 299.2750 8.7838 2018/6/25 11:44:28
2.6430 2.7126 35.3882 1.1707 299.2750 7.7755 2018/6/25 11:44:30
2.6430 2.7273 89.1516 1.1709 299.2125 12.3403 2018/6/25 11:44:32
2.6430 2.7175 59.8261 1.1709 299.2125 10.1087 2018/6/25 11:44:34
2.6430 2.6784 64.7137 1.1709 299.2125 10.5137 2018/6/25 11:44:36
2.6430 2.6979 79.3765 1.1709 299.2125 11.6440 2018/6/25 11:44:38
2.6430 2.6931 69.6013 1.1711 299.1500 10.9027 2018/6/25 11:44:39
2.6430 2.7077 54.9386 1.1713 299.0875 9.6856 2018/6/25 11:44:41
2.6430 2.7615 45.1634 1.1712 299.0875 8.7818 2018/6/25 11:44:43
2.6430 2.7566 45.1634 1.1714 299.0250 8.7811 2018/6/25 11:44:45
2.6430 2.7028 89.1516 1.1715 299.0250 12.3371 2018/6/25 11:44:47
2.6430 2.6882 64.7137 1.1715 299.0250 10.5108 2018/6/25 11:44:49
2.6430 2.7370 89.1516 1.1715 299.0250 12.3371 2018/6/25 11:44:50
2.6430 2.7468 89.1516 1.1715 299.0250 12.3367 2018/6/25 11:44:52
2.6430 2.6784 79.3765 1.1716 299.0250 11.6405 2018/6/25 11:44:54
2.6430 2.6882 54.9386 1.1715 299.0875 9.6848 2018/6/25 11:44:56
2.6430 2.7322 69.6013 1.1715 299.0875 10.9007 2018/6/25 11:44:58
2.6430 2.6931 79.3765 1.1715 299.0875 11.6409 2018/6/25 11:45:0
2.6430 2.6833 74.4889 1.1712 299.1500 11.2782 2018/6/25 11:45:1
2.6430 2.7126 79.3765 1.1711 299.2125 11.6429 2018/6/25 11:45:3
2.6430 2.6686 54.9386 1.1707 299.2750 9.6878 2018/6/25 11:45:5
2.6430 2.7273 74.4889 1.1705 299.3375 11.2817 2018/6/25 11:45:7
2.6430 2.7419 79.3765 1.1705 299.3375 11.6459 2018/6/25 11:45:9
2.6430 2.7224 50.0510 1.1705 299.3375 9.2478 2018/6/25 11:45:11
2.6430 2.7370 59.8261 1.1705 299.3375 10.1104 2018/6/25 11:45:12
2.6430 2.6882 30.5006 1.1702 299.4000 7.2199 2018/6/25 11:45:14
2.6430 2.7322 69.6013 1.1703 299.4000 10.9061 2018/6/25 11:45:16
2.6430 2.6931 79.3765 1.1706 299.3375 11.6456 2018/6/25 11:45:18
2.6430 2.7077 89.1516 1.1706 299.3375 12.3418 2018/6/25 11:45:20
2.6430 2.6735 40.2758 1.1703 299.4000 8.2964 2018/6/25 11:45:22
2.6430 2.7322 89.1516 1.1701 299.4625 12.3444 2018/6/25 11:45:23
2.6430 2.7273 59.8261 1.1700 299.4625 10.1128 2018/6/25 11:45:25
2.6430 2.7224 98.9268 1.1701 299.4000 13.0034 2018/6/25 11:45:27
2.6430 2.6882 40.2758 1.1704 299.3375 8.2959 2018/6/25 11:45:29
2.6430 2.7126 79.3765 1.1701 299.4000 11.6477 2018/6/25 11:45:31
2.6430 2.7126 50.0510 1.1702 299.4000 9.2488 2018/6/25 11:45:33
2.6430 2.7126 35.3882 1.1701 299.4000 7.7773 2018/6/25 11:45:34
2.6430 2.6735 30.5006 1.1703 299.3375 7.2198 2018/6/25 11:45:36
2.6430 2.7175 35.3882 1.1702 299.3375 7.7769 2018/6/25 11:45:38
2.6430 2.6979 69.6013 1.1706 299.2750 10.9046 2018/6/25 11:45:40
2.6430 2.6882 50.0510 1.1705 299.2750 9.2479 2018/6/25 11:45:42
2.6430 2.7077 30.5006 1.1704 299.2750 7.2196 2018/6/25 11:45:44
2.6430 2.7126 64.7137 1.1706 299.2125 10.5152 2018/6/25 11:45:45
2.6430 2.7224 64.7137 1.1709 299.1500 10.5134 2018/6/25 11:45:47
2.6430 2.7370 35.3882 1.1710 299.2125 7.7744 2018/6/25 11:45:49
2.6430 2.7175 6.0625 1.1707 299.2125 3.2183 2018/6/25 11:45:51
2.6430 2.7126 50.0510 1.1709 299.2125 9.2463 2018/6/25 11:45:53
2.6430 2.7419 40.2758 1.1710 299.2125 8.2940 2018/6/25 11:45:55
2.6430 2.6882 30.5006 1.1708 299.2125 7.2183 2018/6/25 11:45:56
2.6430 2.7126 45.1634 1.1714 299.0875 8.7814 2018/6/25 11:45:58
2.6430 2.7517 64.7137 1.1711 299.1500 10.5127 2018/6/25 11:46:0
2.6430 2.7175 84.2640 1.1714 299.0875 11.9947 2018/6/25 11:46:2
2.6430 2.7028 74.4889 1.1709 299.2125 11.2796 2018/6/25 11:46:4
2.6430 2.7322 84.2640 1.1710 299.2125 11.9968 2018/6/25 11:46:5
2.6430 2.7028 40.2758 1.1712 299.1500 8.2933 2018/6/25 11:46:7
2.6430 2.6784 50.0510 1.1707 299.2750 9.2470 2018/6/25 11:46:9
2.6430 2.6882 40.2758 1.1708 299.2750 8.2947 2018/6/25 11:46:11
2.6430 2.6931 84.2640 1.1705 299.3375 11.9994 2018/6/25 11:46:13
2.6430 2.7028 54.9386 1.1705 299.2750 9.6887 2018/6/25 11:46:15
2.6430 2.7077 74.4889 1.1705 299.2750 11.2817 2018/6/25 11:46:16
2.6430 2.7126 54.9386 1.1707 299.2125 9.6879 2018/6/25 11:46:18
2.6430 2.6882 103.8144 1.1709 299.1500 13.3161 2018/6/25 11:46:20
2.6430 2.6931 54.9386 1.1712 299.0875 9.6859 2018/6/25 11:46:22
2.6430 2.7126 54.9386 1.1712 299.0875 9.6858 2018/6/25 11:46:24
2.6430 2.6784 74.4889 1.1714 299.0250 11.2773 2018/6/25 11:46:26
2.6430 2.7517 64.7137 1.1716 298.9625 10.5106 2018/6/25 11:46:27
2.6430 2.7077 69.6013 1.1718 298.9000 10.8991 2018/6/25 11:46:29
2.6430 2.6833 20.7255 1.1719 298.9000 5.9474 2018/6/25 11:46:31
2.6430 2.7322 89.1516 1.1721 298.8375 12.3340 2018/6/25 11:46:33
2.6430 2.6784 89.1516 1.1721 298.8375 12.3340 2018/6/25 11:46:35
2.6430 2.7077 35.3882 1.1720 298.8375 7.7712 2018/6/25 11:46:37
2.6430 2.7224 59.8261 1.1720 298.8375 10.1041 2018/6/25 11:46:38
2.6430 2.7224 74.4889 1.1720 298.8375 11.2743 2018/6/25 11:46:40
2.6430 2.7517 54.9386 1.1721 298.8375 9.6821 2018/6/25 11:46:42
2.6430 2.7175 59.8261 1.1721 298.8375 10.1037 2018/6/25 11:46:44
2.6430 2.7126 74.4889 1.1721 298.8375 11.2742 2018/6/25 11:46:46
2.6430 2.7273 103.8144 1.1721 298.8375 13.3093 2018/6/25 11:46:48
2.6430 2.7175 98.9268 1.1719 298.9000 12.9936 2018/6/25 11:46:49
2.6430 2.6979 64.7137 1.1719 298.9000 10.5091 2018/6/25 11:46:51
2.6430 2.6686 69.6013 1.1719 298.9000 10.8989 2018/6/25 11:46:53
2.6430 2.6931 89.1516 1.1720 298.8375 12.3341 2018/6/25 11:46:55
2.6430 2.7126 59.8261 1.1721 298.8375 10.1038 2018/6/25 11:46:57
2.6430 2.6979 40.2758 1.1723 298.7750 8.2893 2018/6/25 11:46:59
2.6430 2.7077 54.9386 1.1723 298.7750 9.6813 2018/6/25 11:47:0
2.6430 2.7322 50.0510 1.1725 298.7125 9.2398 2018/6/25 11:47:2
2.6430 2.7077 59.8261 1.1725 298.7125 10.1018 2018/6/25 11:47:4
2.6430 2.6931 54.9386 1.1726 298.7125 9.6802 2018/6/25 11:47:6
2.6430 2.7175 45.1634 1.1728 298.6500 8.7760 2018/6/25 11:47:8
2.6430 2.7224 79.3765 1.1730 298.5875 11.6336 2018/6/25 11:47:10
2.6430 2.7322 89.1516 1.1732 298.5250 12.3282 2018/6/25 11:47:11
2.6430 2.7273 84.2640 1.1732 298.5250 11.9851 2018/6/25 11:47:13
2.6430 2.7322 69.6013 1.1734 298.4625 10.8917 2018/6/25 11:47:15
2.6430 2.7077 50.0510 1.1736 298.4000 9.2354 2018/6/25 11:47:17
2.6430 2.7126 50.0510 1.1739 298.3375 9.2344 2018/6/25 11:47:19
2.6430 2.7273 45.1634 1.1741 298.2750 8.7713 2018/6/25 11:47:21
2.6430 2.6882 59.8261 1.1743 298.2125 10.0941 2018/6/25 11:47:22
2.6430 2.6931 54.9386 1.1745 298.1500 9.6722 2018/6/25 11:47:24
2.6430 2.6784 50.0510 1.1750 298.0250 9.2301 2018/6/25 11:47:26
2.6430 2.7273 40.2758 1.1755 297.9000 8.2782 2018/6/25 11:47:28
2.6430 2.7175 50.0510 1.1758 297.8375 9.2269 2018/6/25 11:47:30
2.6430 2.7224 89.1516 1.1761 297.7750 12.3130 2018/6/25 11:47:32
2.6430 2.6588 50.0510 1.1763 297.7125 9.2247 2018/6/25 11:47:33
2.6430 2.7028 69.6013 1.1767 297.6500 10.8767 2018/6/25 11:47:35
2.6430 2.7028 30.5006 1.1769 297.5875 7.1994 2018/6/25 11:47:37
2.6430 2.7224 74.4889 1.1774 297.4625 11.2485 2018/6/25 11:47:39
2.6430 2.7175 94.0392 1.1774 297.4625 12.6387 2018/6/25 11:47:41
2.6430 2.7224 20.7255 1.1777 297.4000 5.9327 2018/6/25 11:47:43
2.6430 2.6540 30.5006 1.1779 297.3375 7.1964 2018/6/25 11:47:44
2.6430 2.6588 50.0510 1.1779 297.3375 9.2186 2018/6/25 11:47:46
2.6430 2.6979 59.8261 1.1781 297.2750 10.0777 2018/6/25 11:47:48
2.6430 2.7028 50.0510 1.1781 297.2750 9.2177 2018/6/25 11:47:50
2.6430 2.7028 79.3765 1.1782 297.2750 11.6079 2018/6/25 11:47:52
2.6430 2.7468 74.4889 1.1784 297.2125 11.2438 2018/6/25 11:47:54
2.6430 2.6931 50.0510 1.1787 297.1500 9.2157 2018/6/25 11:47:55
2.6430 2.7419 54.9386 1.1787 297.1500 9.6550 2018/6/25 11:47:57
2.6430 2.7028 79.3765 1.1789 297.0875 11.6045 2018/6/25 11:47:59
2.6430 2.7077 89.1516 1.1789 297.0875 12.2982 2018/6/25 11:48:1
2.6430 2.6833 79.3765 1.1792 297.0250 11.6031 2018/6/25 11:48:3
2.6430 2.7419 79.3765 1.1794 296.9625 11.6018 2018/6/25 11:48:5
2.6430 2.7077 45.1634 1.1794 296.9625 8.7514 2018/6/25 11:48:6
2.6430 2.6833 40.2758 1.1794 296.9625 8.2642 2018/6/25 11:48:8
2.6430 2.6979 45.1634 1.1797 296.9000 8.7503 2018/6/25 11:48:10
2.6430 2.6882 45.1634 1.1797 296.9000 8.7505 2018/6/25 11:48:12
2.6430 2.6882 50.0510 1.1797 296.9000 9.2117 2018/6/25 11:48:14
2.6430 2.6931 54.9386 1.1796 296.9000 9.6511 2018/6/25 11:48:16
2.6430 2.7126 45.1634 1.1797 296.9000 8.7504 2018/6/25 11:48:17
2.6430 2.6735 74.4889 1.1799 296.8375 11.2365 2018/6/25 11:48:19
2.6430 2.7028 54.9386 1.1798 296.8375 9.6503 2018/6/25 11:48:21
2.6430 2.7028 74.4889 1.1799 296.8375 11.2365 2018/6/25 11:48:23
2.6430 2.6833 98.9268 1.1800 296.8375 12.9490 2018/6/25 11:48:25
2.6430 2.7077 74.4889 1.1802 296.7750 11.2352 2018/6/25 11:48:27
2.6430 2.7175 79.3765 1.1802 296.7750 11.5978 2018/6/25 11:48:28
2.6430 2.6931 103.8144 1.1805 296.7125 13.2619 2018/6/25 11:48:30
2.6430 2.7322 64.7137 1.1805 296.7125 10.4708 2018/6/25 11:48:32
2.6430 2.6931 35.3882 1.1808 296.6500 7.7422 2018/6/25 11:48:34
2.6430 2.7126 84.2640 1.1807 296.6500 11.9471 2018/6/25 11:48:36
2.6430 2.7126 98.9268 1.1808 296.6500 12.9447 2018/6/25 11:48:38
2.6430 2.7077 69.6013 1.1810 296.5875 10.8567 2018/6/25 11:48:39
2.6430 2.7126 54.9386 1.1810 296.5875 9.6458 2018/6/25 11:48:41
2.6430 2.6784 79.3765 1.1809 296.5875 11.5944 2018/6/25 11:48:43
2.6430 2.7370 64.7137 1.1810 296.5875 10.4687 2018/6/25 11:48:45
2.6430 2.7322 123.3647 1.1809 296.5875 14.4543 2018/6/25 11:48:47
2.6430 2.7419 64.7137 1.1810 296.5875 10.4688 2018/6/25 11:48:49
2.6430 2.7077 74.4889 1.1809 296.5875 11.2319 2018/6/25 11:48:50
2.6430 2.6979 64.7137 1.1807 296.6500 10.4698 2018/6/25 11:48:52
2.6430 2.7126 59.8261 1.1807 296.6500 10.0667 2018/6/25 11:48:54
2.6430 2.7028 45.1634 1.1807 296.6500 8.7464 2018/6/25 11:48:56
2.6430 2.6686 79.3765 1.1805 296.7125 11.5965 2018/6/25 11:48:58
2.6430 2.6540 118.4771 1.1805 296.7125 14.1677 2018/6/25 11:49:0
2.6430 2.7175 59.8261 1.1804 296.7125 10.0679 2018/6/25 11:49:1
2.6430 2.6735 45.1634 1.1804 296.7125 8.7476 2018/6/25 11:49:3
2.6430 2.7370 59.8261 1.1804 296.7125 10.0679 2018/6/25 11:49:5
2.6430 2.7077 94.0392 1.1804 296.7125 12.6227 2018/6/25 11:49:7
2.6430 2.6833 30.5006 1.1805 296.7125 7.1885 2018/6/25 11:49:9
2.6430 2.6931 54.9386 1.1805 296.7125 9.6477 2018/6/25 11:49:11
2.6430 2.6833 59.8261 1.1804 296.7125 10.0679 2018/6/25 11:49:12
2.6430 2.7224 45.1634 1.1805 296.7125 8.7474 2018/6/25 11:49:14
2.6430 2.7224 79.3765 1.1805 296.7125 11.5965 2018/6/25 11:49:16
2.6430 2.6637 40.2758 1.1805 296.7125 8.2606 2018/6/25 11:49:18
2.6430 2.6931 64.7137 1.1805 296.7125 10.4707 2018/6/25 11:49:20
2.6430 2.7028 69.6013 1.1808 296.6500 10.8576 2018/6/25 11:49:22
2.6430 2.7273 84.2640 1.1810 296.5875 11.9456 2018/6/25 11:49:23
2.6430 2.6931 50.0510 1.1810 296.5875 9.2065 2018/6/25 11:49:25
2.6430 2.7028 59.8261 1.1812 296.5250 10.0645 2018/6/25 11:49:27
2.6430 2.6882 64.7137 1.1812 296.5250 10.4675 2018/6/25 11:49:29
2.6430 2.7273 89.1516 1.1813 296.5250 12.2859 2018/6/25 11:49:31
2.6430 2.7126 84.2640 1.1812 296.5250 11.9444 2018/6/25 11:49:33
2.6430 2.6979 84.2640 1.1815 296.4625 11.9431 2018/6/25 11:49:34
2.6430 2.6637 20.7255 1.1815 296.4625 5.9232 2018/6/25 11:49:36
2.6430 2.6833 40.2758 1.1817 296.4000 8.2562 2018/6/25 11:49:38
2.6430 2.6637 59.8261 1.1818 296.4000 10.0622 2018/6/25 11:49:40
2.6430 2.7224 54.9386 1.1815 296.4625 9.6436 2018/6/25 11:49:42
2.6430 2.7028 45.1634 1.1816 296.4625 8.7434 2018/6/25 11:49:44
2.6430 2.6979 40.2758 1.1815 296.4625 8.2568 2018/6/25 11:49:45
2.6430 2.6588 45.1634 1.1812 296.5250 8.7446 2018/6/25 11:49:47
2.6430 2.6979 30.5006 1.1813 296.5250 7.1861 2018/6/25 11:49:49
2.6430 2.7175 74.4889 1.1814 296.4625 11.2294 2018/6/25 11:49:51
2.6430 2.7077 35.3882 1.1815 296.4625 7.7398 2018/6/25 11:49:53
2.6430 2.7370 98.9268 1.1815 296.4625 12.9406 2018/6/25 11:49:55
2.6430 2.7028 64.7137 1.1813 296.5250 10.4672 2018/6/25 11:49:56
2.6430 2.7028 84.2640 1.1814 296.5250 11.9439 2018/6/25 11:49:58
2.6430 2.7028 50.0510 1.1813 296.5250 9.2052 2018/6/25 11:50:0
2.6430 2.6979 69.6013 1.1815 296.4625 10.8542 2018/6/25 11:50:2
2.6430 2.6931 40.2758 1.1815 296.4625 8.2569 2018/6/25 11:50:4
2.6430 2.7126 64.7137 1.1816 296.4625 10.4661 2018/6/25 11:50:6
2.6430 2.7126 69.6013 1.1818 296.4000 10.8532 2018/6/25 11:50:7
2.6430 2.6979 64.7137 1.1817 296.4000 10.4653 2018/6/25 11:50:9
2.6430 2.7224 74.4889 1.1816 296.4625 11.2287 2018/6/25 11:50:11
2.6430 2.6833 84.2640 1.1816 296.4625 11.9429 2018/6/25 11:50:13
2.6430 2.6979 89.1516 1.1813 296.5250 12.2858 2018/6/25 11:50:15
2.6430 2.7126 40.2758 1.1814 296.5250 8.2573 2018/6/25 11:50:17
2.6430 2.7077 69.6013 1.1812 296.5875 10.8560 2018/6/25 11:50:18
2.6430 2.7077 54.9386 1.1811 296.5875 9.6452 2018/6/25 11:50:20
2.6430 2.6833 54.9386 1.1811 296.5875 9.6451 2018/6/25 11:50:22
2.6430 2.7419 45.1634 1.1813 296.5250 8.7444 2018/6/25 11:50:24
2.6430 2.7175 20.7255 1.1813 296.5250 5.9237 2018/6/25 11:50:26
2.6430 2.6588 50.0510 1.1813 296.5250 9.2054 2018/6/25 11:50:28
2.6430 2.7322 54.9386 1.1816 296.4625 9.6432 2018/6/25 11:50:29
2.6430 2.7224 50.0510 1.1815 296.4625 9.2045 2018/6/25 11:50:31
2.6430 2.7273 50.0510 1.1817 296.4000 9.2037 2018/6/25 11:50:33
2.6430 2.6979 25.6131 1.1819 296.3375 6.5834 2018/6/25 11:50:35
2.6430 2.7028 35.3882 1.1819 296.3375 7.7383 2018/6/25 11:50:37
2.6430 2.6735 45.1634 1.1822 296.2750 8.7412 2018/6/25 11:50:39
2.6430 2.7126 54.9386 1.1822 296.2750 9.6406 2018/6/25 11:50:40
2.6430 2.7224 64.7137 1.1822 296.2750 10.4631 2018/6/25 11:50:42
2.6430 2.6931 54.9386 1.1822 296.2750 9.6406 2018/6/25 11:50:44
2.6430 2.6784 50.0510 1.1822 296.2750 9.2019 2018/6/25 11:50:46
2.6430 2.6979 69.6013 1.1822 296.2750 10.8510 2018/6/25 11:50:48
2.6430 2.7028 79.3765 1.1823 296.2750 11.5878 2018/6/25 11:50:50
2.6430 2.6931 74.4889 1.1822 296.2750 11.2256 2018/6/25 11:50:51
2.6430 2.6833 25.6131 1.1822 296.2750 6.5826 2018/6/25 11:50:53
2.6430 2.6931 84.2640 1.1820 296.3375 11.9405 2018/6/25 11:50:55
2.6430 2.6735 94.0392 1.1820 296.3375 12.6141 2018/6/25 11:50:57
2.6430 2.7077 89.1516 1.1820 296.3375 12.2819 2018/6/25 11:50:59
2.6430 2.7077 79.3765 1.1818 296.4000 11.5901 2018/6/25 11:51:1
2.6430 2.7273 35.3882 1.1818 296.4000 7.7388 2018/6/25 11:51:2
2.6430 2.7126 6.0625 1.1817 296.4000 3.2032 2018/6/25 11:51:4
2.6430 2.6931 25.6131 1.1817 296.4000 6.5840 2018/6/25 11:51:6
2.6430 2.6735 40.2758 1.1815 296.4625 8.2570 2018/6/25 11:51:8
2.6430 2.7224 59.8261 1.1815 296.4625 10.0634 2018/6/25 11:51:10
2.6430 2.7077 64.7137 1.1815 296.4625 10.4664 2018/6/25 11:51:12
2.6430 2.6979 50.0510 1.1812 296.5250 9.2056 2018/6/25 11:51:13
2.6430 2.6931 10.9501 1.1815 296.4625 4.3054 2018/6/25 11:51:15
2.6430 2.7077 79.3765 1.1815 296.4625 11.5917 2018/6/25 11:51:17
2.6430 2.7419 79.3765 1.1815 296.4625 11.5916 2018/6/25 11:51:19
2.6430 2.7028 40.2758 1.1815 296.4625 8.2570 2018/6/25 11:51:21
2.6430 2.6931 89.1516 1.1814 296.4625 12.2849 2018/6/25 11:51:23
2.6430 2.6882 50.0510 1.1815 296.4625 9.2047 2018/6/25 11:51:24
2.6430 2.7077 74.4889 1.1815 296.4625 11.2289 2018/6/25 11:51:26
2.6430 2.6735 59.8261 1.1813 296.5250 10.0641 2018/6/25 11:51:28
2.6430 2.7028 59.8261 1.1811 296.5875 10.0651 2018/6/25 11:51:30
2.6430 2.6686 59.8261 1.1811 296.5875 10.0651 2018/6/25 11:51:32
2.6430 2.7028 94.0392 1.1809 296.6500 12.6202 2018/6/25 11:51:34
2.6430 2.7175 103.8144 1.1806 296.7125 13.2616 2018/6/25 11:51:35
2.6430 2.7175 40.2758 1.1804 296.7750 8.2609 2018/6/25 11:51:37
2.6430 2.6882 45.1634 1.1803 296.7750 8.7480 2018/6/25 11:51:39
2.6430 2.6833 6.0625 1.1802 296.8375 3.2052 2018/6/25 11:51:41
2.6430 2.6735 50.0510 1.1799 296.9000 9.2107 2018/6/25 11:51:43
2.6430 2.6979 59.8261 1.1799 296.9000 10.0703 2018/6/25 11:51:45
2.6430 2.7224 59.8261 1.1798 296.9625 10.0706 2018/6/25 11:51:46
2.6430 2.6882 98.9268 1.1792 297.0875 12.9535 2018/6/25 11:51:48
2.6430 2.7224 98.9268 1.1790 297.1500 12.9544 2018/6/25 11:51:50
2.6430 2.6784 59.8261 1.1788 297.2125 10.0750 2018/6/25 11:51:52
2.6430 2.6735 69.6013 1.1784 297.2750 10.8686 2018/6/25 11:51:54
2.6430 2.7370 45.1634 1.1783 297.2750 8.7553 2018/6/25 11:51:55
2.6430 2.6784 108.7019 1.1784 297.2750 13.5830 2018/6/25 11:51:57
2.6430 2.6979 50.0510 1.1784 297.2750 9.2168 2018/6/25 11:51:59
2.6430 2.7028 74.4889 1.1782 297.3375 11.2449 2018/6/25 11:52:1
2.6430 2.7224 30.5006 1.1779 297.4000 7.1963 2018/6/25 11:52:3
2.6430 2.7175 54.9386 1.1778 297.4625 9.6588 2018/6/25 11:52:5
2.6430 2.6979 25.6131 1.1776 297.5250 6.5955 2018/6/25 11:52:6
2.6430 2.6540 89.1516 1.1771 297.6500 12.3074 2018/6/25 11:52:8
2.6430 2.7126 118.4771 1.1771 297.6500 14.1884 2018/6/25 11:52:10
2.6430 2.7224 50.0510 1.1768 297.7125 9.2229 2018/6/25 11:52:12
2.6430 2.6784 74.4889 1.1766 297.7750 11.2524 2018/6/25 11:52:14
2.6430 2.6931 54.9386 1.1765 297.7750 9.6641 2018/6/25 11:52:16
2.6430 2.7273 79.3765 1.1764 297.7750 11.6168 2018/6/25 11:52:17
2.6430 2.7028 64.7137 1.1760 297.9000 10.4908 2018/6/25 11:52:19
2.6430 2.7077 45.1634 1.1760 297.9000 8.7640 2018/6/25 11:52:21
2.6430 2.7224 84.2640 1.1759 297.9625 11.9715 2018/6/25 11:52:23
2.6430 2.6686 20.7255 1.1755 298.0875 5.9383 2018/6/25 11:52:25
2.6430 2.6979 84.2640 1.1752 298.1500 11.9752 2018/6/25 11:52:27
2.6430 2.7175 74.4889 1.1749 298.2125 11.2606 2018/6/25 11:52:28
2.6430 2.6735 54.9386 1.1743 298.3375 9.6729 2018/6/25 11:52:30
2.6430 2.7126 69.6013 1.1741 298.3375 10.8887 2018/6/25 11:52:32
2.6430 2.7126 20.7255 1.1747 298.2750 5.9402 2018/6/25 11:52:34
2.6430 2.6637 20.7255 1.1744 298.3375 5.9409 2018/6/25 11:52:36
2.6430 2.7028 79.3765 1.1740 298.4625 11.6288 2018/6/25 11:52:38
2.6430 2.7322 45.1634 1.1738 298.5250 8.7722 2018/6/25 11:52:39
2.6430 2.7077 79.3765 1.1734 298.6500 11.6314 2018/6/25 11:52:41
2.6430 2.6588 40.2758 1.1730 298.7750 8.2867 2018/6/25 11:52:43
2.6430 2.6833 25.6131 1.1728 298.8375 6.6090 2018/6/25 11:52:45
2.6430 2.6979 89.1516 1.1723 298.9625 12.3330 2018/6/25 11:52:47
2.6430 2.6833 50.0510 1.1722 298.9625 9.2411 2018/6/25 11:52:49
2.6430 2.7175 103.8144 1.1720 299.0250 13.3100 2018/6/25 11:52:50
2.6430 2.7077 79.3765 1.1718 299.0875 11.6394 2018/6/25 11:52:52
2.6430 2.6931 35.3882 1.1717 299.1500 7.7721 2018/6/25 11:52:54
2.6430 2.6931 64.7137 1.1713 299.2750 10.5118 2018/6/25 11:52:56
2.6430 2.7370 103.8144 1.1709 299.4000 13.3163 2018/6/25 11:52:58
2.6430 2.7126 103.8144 1.1705 299.5250 13.3187 2018/6/25 11:53:0
2.6430 2.6540 54.9386 1.1700 299.6500 9.6910 2018/6/25 11:53:1
2.6430 2.6882 25.6131 1.1697 299.7125 6.6178 2018/6/25 11:53:3
2.6430 2.6931 25.6131 1.1695 299.7750 6.6182 2018/6/25 11:53:5
2.6430 2.6979 103.8144 1.1690 299.9000 13.3269 2018/6/25 11:53:7
2.6430 2.6637 59.8261 1.1689 299.9625 10.1176 2018/6/25 11:53:9
2.6430 2.6491 59.8261 1.1683 300.0875 10.1198 2018/6/25 11:53:11
2.6430 2.7175 54.9386 1.1683 300.0875 9.6981 2018/6/25 11:53:12
2.6430 2.7322 54.9386 1.1679 300.2125 9.6997 2018/6/25 11:53:14
2.6430 2.6833 59.8261 1.1674 300.3375 10.1239 2018/6/25 11:53:16
2.6430 2.7028 64.7137 1.1670 300.4625 10.5311 2018/6/25 11:53:18
2.6430 2.6882 25.6131 1.1666 300.5875 6.6265 2018/6/25 11:53:20
2.6430 2.6637 69.6013 1.1664 300.6500 10.9246 2018/6/25 11:53:22
2.6430 2.7273 59.8261 1.1658 300.7750 10.1308 2018/6/25 11:53:23
2.6430 2.6931 54.9386 1.1656 300.8375 9.7093 2018/6/25 11:53:25
2.6430 2.7615 89.1516 1.1650 301.0250 12.3714 2018/6/25 11:53:27
2.6430 2.7370 45.1634 1.1646 301.0875 8.8067 2018/6/25 11:53:29
2.6430 2.7273 25.6131 1.1640 301.2750 6.6338 2018/6/25 11:53:31
2.6430 2.7077 64.7137 1.1638 301.3375 10.5458 2018/6/25 11:53:33
2.6430 2.7175 64.7137 1.1631 301.5250 10.5488 2018/6/25 11:53:34
2.6430 2.6931 45.1634 1.1627 301.6500 8.8139 2018/6/25 11:53:36
2.6430 2.7566 30.5006 1.1623 301.7750 7.2447 2018/6/25 11:53:38
2.6430 2.6686 20.7255 1.1619 301.9000 5.9730 2018/6/25 11:53:40
2.6430 2.7028 30.5006 1.1614 302.0250 7.2473 2018/6/25 11:53:42
2.6430 2.6637 54.9386 1.1609 302.1500 9.7286 2018/6/25 11:53:44
2.6430 2.6979 35.3882 1.1603 302.2750 7.8101 2018/6/25 11:53:45
2.6430 2.7322 50.0510 1.1601 302.3375 9.2893 2018/6/25 11:53:47
2.6430 2.7077 54.9386 1.1595 302.4625 9.7346 2018/6/25 11:53:49
2.6430 2.6784 25.6131 1.1590 302.5875 6.6481 2018/6/25 11:53:51
2.6430 2.6686 79.3765 1.1587 302.6500 11.7050 2018/6/25 11:53:53
2.6430 2.7273 74.4889 1.1583 302.7750 11.3412 2018/6/25 11:53:55
2.6430 2.6784 89.1516 1.1580 302.8375 12.4087 2018/6/25 11:53:56
2.6430 2.6979 64.7137 1.1578 302.9000 10.5731 2018/6/25 11:53:58
2.6430 2.6979 84.2640 1.1573 303.0250 12.0675 2018/6/25 11:54:0
2.6430 2.7028 74.4889 1.1570 303.0875 11.3473 2018/6/25 11:54:2
2.6430 2.6931 89.1516 1.1567 303.1500 12.4156 2018/6/25 11:54:4
2.6430 2.7175 69.6013 1.1563 303.2750 10.9722 2018/6/25 11:54:6
2.6430 2.6784 40.2758 1.1558 303.4000 8.3481 2018/6/25 11:54:7
2.6430 2.7126 59.8261 1.1556 303.4625 10.1755 2018/6/25 11:54:9
2.6430 2.6784 54.9386 1.1554 303.5250 9.7518 2018/6/25 11:54:11
2.6430 2.7224 30.5006 1.1551 303.5875 7.2669 2018/6/25 11:54:13
2.6430 2.6882 50.0510 1.1549 303.6500 9.3100 2018/6/25 11:54:15
2.6430 2.6979 10.9501 1.1545 303.7750 4.3554 2018/6/25 11:54:17
2.6430 2.7370 30.5006 1.1543 303.8375 7.2697 2018/6/25 11:54:18
2.6430 2.6588 54.9386 1.1544 303.7750 9.7562 2018/6/25 11:54:20
2.6430 2.6833 59.8261 1.1542 303.8375 10.1815 2018/6/25 11:54:22
2.6430 2.7175 50.0510 1.1538 303.9625 9.3144 2018/6/25 11:54:24
2.6430 2.7175 64.7137 1.1537 303.9625 10.5916 2018/6/25 11:54:26
2.6430 2.7224 50.0510 1.1535 304.0250 9.3155 2018/6/25 11:54:28
2.6430 2.6931 74.4889 1.1533 304.0875 11.3655 2018/6/25 11:54:29
2.6430 2.7028 103.8144 1.1531 304.1500 13.4189 2018/6/25 11:54:31
2.6430 2.6882 50.0510 1.1528 304.2125 9.3185 2018/6/25 11:54:33
2.6430 2.6833 89.1516 1.1529 304.2125 12.4363 2018/6/25 11:54:35
2.6430 2.7028 50.0510 1.1531 304.1500 9.3174 2018/6/25 11:54:37
2.6430 2.6784 64.7137 1.1530 304.1500 10.5949 2018/6/25 11:54:39
2.6430 2.6833 30.5006 1.1528 304.2125 7.2745 2018/6/25 11:54:40
2.6430 2.7126 108.7019 1.1529 304.1500 13.7319 2018/6/25 11:54:42
2.6430 2.6979 74.4889 1.1530 304.1500 11.3671 2018/6/25 11:54:44
2.6430 2.6931 64.7137 1.1530 304.1500 10.5948 2018/6/25 11:54:46
2.6430 2.7077 59.8261 1.1529 304.1500 10.1872 2018/6/25 11:54:48
2.6430 2.6735 6.0625 1.1530 304.1500 3.2429 2018/6/25 11:54:50
2.6430 2.6931 35.3882 1.1528 304.2125 7.8357 2018/6/25 11:54:51
2.6430 2.6931 54.9386 1.1526 304.2125 9.7637 2018/6/25 11:54:53
2.6430 2.7126 54.9386 1.1528 304.1500 9.7628 2018/6/25 11:54:55
2.6430 2.6931 74.4889 1.1529 304.1500 11.3674 2018/6/25 11:54:57
2.6430 2.6882 118.4771 1.1531 304.0875 14.3350 2018/6/25 11:54:59
2.6430 2.6784 84.2640 1.1535 303.9625 12.0874 2018/6/25 11:55:0
2.6430 2.6784 54.9386 1.1539 303.8375 9.7581 2018/6/25 11:55:2
2.6430 2.7126 50.0510 1.1541 303.8375 9.3133 2018/6/25 11:55:4
2.6430 2.6979 50.0510 1.1543 303.7750 9.3125 2018/6/25 11:55:6
2.6430 2.7370 35.3882 1.1545 303.7125 7.8296 2018/6/25 11:55:8
2.6430 2.6931 50.0510 1.1546 303.7125 9.3114 2018/6/25 11:55:10
2.6430 2.6833 45.1634 1.1546 303.7125 8.8449 2018/6/25 11:55:11
2.6430 2.7273 94.0392 1.1545 303.7125 12.7638 2018/6/25 11:55:13
2.6430 2.7224 64.7137 1.1548 303.6500 10.5868 2018/6/25 11:55:15
2.6430 2.6882 6.0625 1.1548 303.6500 3.2404 2018/6/25 11:55:17
2.6430 2.7028 69.6013 1.1547 303.6500 10.9796 2018/6/25 11:55:19
2.6430 2.7175 98.9268 1.1547 303.6500 13.0897 2018/6/25 11:55:21
2.6430 2.6735 74.4889 1.1544 303.7125 11.3599 2018/6/25 11:55:22
2.6430 2.7322 108.7019 1.1545 303.7125 13.7224 2018/6/25 11:55:24
2.6430 2.6931 15.8379 1.1547 303.6500 5.2376 2018/6/25 11:55:26
2.6430 2.7028 40.2758 1.1547 303.6500 8.3524 2018/6/25 11:55:28
2.6430 2.6931 40.2758 1.1547 303.6500 8.3522 2018/6/25 11:55:30
2.6430 2.7370 64.7137 1.1546 303.6500 10.5875 2018/6/25 11:55:32
2.6430 2.7175 89.1516 1.1547 303.6500 12.4264 2018/6/25 11:55:33
2.6430 2.7224 30.5006 1.1547 303.6500 7.2684 2018/6/25 11:55:35
2.6430 2.7273 79.3765 1.1546 303.6500 11.7260 2018/6/25 11:55:37
2.6430 2.6931 50.0510 1.1544 303.7125 9.3121 2018/6/25 11:55:39
2.6430 2.7273 64.7137 1.1542 303.7125 10.5893 2018/6/25 11:55:41
2.6430 2.7077 59.8261 1.1547 303.6500 10.1797 2018/6/25 11:55:43
2.6430 2.7468 69.6013 1.1548 303.5875 10.9793 2018/6/25 11:55:44
2.6430 2.7028 79.3765 1.1549 303.5875 11.7243 2018/6/25 11:55:46
2.6430 2.7224 74.4889 1.1546 303.6500 11.3593 2018/6/25 11:55:48
2.6430 2.6833 40.2758 1.1547 303.6500 8.3524 2018/6/25 11:55:50
2.6430 2.7322 25.6131 1.1548 303.5875 6.6603 2018/6/25 11:55:52
2.6430 2.7126 25.6131 1.1545 303.6500 6.6611 2018/6/25 11:55:54
2.6430 2.6833 25.6131 1.1545 303.6500 6.6611 2018/6/25 11:55:55
2.6430 2.6686 40.2758 1.1547 303.5875 8.3523 2018/6/25 11:55:57
2.6430 2.6882 40.2758 1.1547 303.5875 8.3523 2018/6/25 11:55:59
2.6430 2.7517 84.2640 1.1547 303.5875 12.0809 2018/6/25 11:56:1
2.6430 2.7077 84.2640 1.1551 303.4625 12.0786 2018/6/25 11:56:3
2.6430 2.7468 20.7255 1.1553 303.4000 5.9900 2018/6/25 11:56:5
2.6430 2.7077 30.5006 1.1555 303.3375 7.2659 2018/6/25 11:56:6
2.6430 2.6882 45.1634 1.1555 303.3375 8.8413 2018/6/25 11:56:8
2.6430 2.7322 40.2758 1.1556 303.2750 8.3490 2018/6/25 11:56:10
2.6430 2.7224 45.1634 1.1559 303.2125 8.8399 2018/6/25 11:56:12
2.6430 2.7077 79.3765 1.1561 303.1500 11.7183 2018/6/25 11:56:14
2.6430 2.7028 59.8261 1.1563 303.0875 10.1724 2018/6/25 11:56:16
2.6430 2.7224 50.0510 1.1565 303.0250 9.3034 2018/6/25 11:56:17
2.6430 2.6588 84.2640 1.1565 303.0250 12.0718 2018/6/25 11:56:19
2.6430 2.6931 89.1516 1.1567 302.9625 12.4158 2018/6/25 11:56:21
2.6430 2.6882 30.5006 1.1567 302.9625 7.2620 2018/6/25 11:56:23
2.6430 2.7126 69.6013 1.1570 302.9000 10.9687 2018/6/25 11:56:25
2.6430 2.7175 84.2640 1.1571 302.9000 12.0686 2018/6/25 11:56:27
2.6430 2.7126 69.6013 1.1570 302.9000 10.9685 2018/6/25 11:56:29
2.6430 2.7077 74.4889 1.1571 302.9000 11.3468 2018/6/25 11:56:30
2.6430 2.7126 45.1634 1.1570 302.9000 8.8356 2018/6/25 11:56:32
2.6430 2.7419 59.8261 1.1570 302.9000 10.1693 2018/6/25 11:56:34
2.6430 2.7175 40.2758 1.1572 302.8375 8.3431 2018/6/25 11:56:36
2.6430 2.7126 64.7137 1.1572 302.8375 10.5756 2018/6/25 11:56:38
2.6430 2.6637 108.7019 1.1576 302.7125 13.7044 2018/6/25 11:56:40
2.6430 2.6637 20.7255 1.1578 302.6500 5.9834 2018/6/25 11:56:41
2.6430 2.6637 25.6131 1.1581 302.5875 6.6506 2018/6/25 11:56:43
