2018/6/19 14:34:24 
2.6597 2.6588 -0.8290 1.1638 298.9625 nan 
2018/6/19 14:34:26 
2.6597 2.6588 -0.8290 1.1636 299.0250 nan 
2018/6/19 14:34:28 
2.6597 2.6588 -0.8290 1.1636 299.0250 nan 
2018/6/19 14:34:30 
2.6597 2.7322 72.4847 1.1636 299.0250 11.1619 
2018/6/19 14:34:32 
2.6597 2.7126 67.5972 1.1636 299.0250 10.7790 
2018/6/19 14:34:34 
2.6597 2.7370 28.4965 1.1634 299.0875 6.9993 
2018/6/19 14:34:35 
2.6597 2.6931 67.5972 1.1634 299.0875 10.7799 
2018/6/19 14:34:37 
2.6597 2.6735 77.3723 1.1633 299.0875 11.5333 
2018/6/19 14:34:39 
2.6597 2.7224 62.7096 1.1632 299.1500 10.3838 
2018/6/19 14:34:41 
2.6597 2.7468 72.4847 1.1631 299.1500 11.1643 
2018/6/19 14:34:43 
2.6597 2.7322 67.5972 1.1632 299.1500 10.7810 
2018/6/19 14:34:45 
2.6597 2.7419 52.9344 1.1631 299.1500 9.5406 
2018/6/19 14:34:46 
2.6597 2.6833 67.5972 1.1629 299.2125 10.7822 
2018/6/19 14:34:48 
2.6597 2.7419 67.5972 1.1629 299.2125 10.7821 
2018/6/19 14:34:50 
2.6597 2.7028 82.2599 1.1629 299.2125 11.8943 
2018/6/19 14:34:52 
2.6597 2.7566 43.1592 1.1627 299.2750 8.6161 
2018/6/19 14:34:54 
2.6597 2.7273 82.2599 1.1627 299.2750 11.8955 
2018/6/19 14:34:56 
2.6597 2.7370 67.5972 1.1627 299.2750 10.7833 
2018/6/19 14:34:57 
2.6597 2.7126 77.3723 1.1625 299.3375 11.5375 
2018/6/19 14:34:59 
2.6597 2.7028 121.3605 1.1627 299.2750 14.4487 
2018/6/19 14:35:1 
2.6597 2.7224 23.6089 1.1624 299.3375 6.3735 
2018/6/19 14:35:3 
2.6597 2.7126 33.3841 1.1624 299.3375 7.5788 
2018/6/19 14:35:5 
2.6597 2.7224 48.0468 1.1624 299.3375 9.0920 
2018/6/19 14:35:7 
2.6597 2.7175 82.2599 1.1624 299.3375 11.8968 
2018/6/19 14:35:8 
2.6597 2.6979 77.3723 1.1624 299.3375 11.5379 
2018/6/19 14:35:10 
2.6597 2.7322 38.2717 1.1624 299.3375 8.1147 
2018/6/19 14:35:12 
2.6597 2.7517 77.3723 1.1624 299.3375 11.5379 
2018/6/19 14:35:14 
2.6597 2.7273 82.2599 1.1625 299.3375 11.8965 
2018/6/19 14:35:16 
2.6597 2.7077 28.4965 1.1622 299.4000 7.0027 
2018/6/19 14:35:18 
2.6597 2.7566 48.0468 1.1622 299.4000 9.0929 
2018/6/19 14:35:19 
2.6597 2.7126 43.1592 1.1622 299.4000 8.6181 
2018/6/19 14:35:21 
2.6597 2.7175 18.7213 1.1622 299.4000 5.6759 
2018/6/19 14:35:23 
2.6597 2.7028 43.1592 1.1620 299.4625 8.6188 
2018/6/19 14:35:25 
2.6597 2.6784 8.9462 1.1620 299.4625 3.9240 
2018/6/19 14:35:27 
2.6597 2.7175 77.3723 1.1620 299.4625 11.5399 
2018/6/19 14:35:29 
2.6597 2.7077 13.8338 1.1621 299.4625 4.8795 
2018/6/19 14:35:30 
2.6597 2.6979 57.8220 1.1620 299.4625 9.9760 
2018/6/19 14:35:32 
2.6597 2.7370 38.2717 1.1620 299.4625 8.1161 
2018/6/19 14:35:34 
2.6597 2.6882 18.7213 1.1621 299.4625 5.6763 
2018/6/19 14:35:36 
2.6597 2.7077 8.9462 1.1620 299.4625 3.9240 
2018/6/19 14:35:38 
2.6597 2.6882 72.4847 1.1620 299.4625 11.1697 
2018/6/19 14:35:39 
2.6597 2.6784 67.5972 1.1620 299.4625 10.7863 
2018/6/19 14:35:41 
2.6597 2.7273 28.4965 1.1621 299.4625 7.0031 
2018/6/19 14:35:43 
2.6597 2.6979 38.2717 1.1621 299.4625 8.1158 
2018/6/19 14:35:45 
2.6597 2.7126 43.1592 1.1621 299.4625 8.6187 
2018/6/19 14:35:47 
2.6597 2.6637 28.4965 1.1620 299.4625 7.0033 
2018/6/19 14:35:49 
2.6597 2.6735 38.2717 1.1620 299.4625 8.1162 
2018/6/19 14:35:50 
2.6597 2.7322 43.1592 1.1620 299.4625 8.6189 
2018/6/19 14:35:52 
2.6597 2.6833 28.4965 1.1620 299.4625 7.0032 
2018/6/19 14:35:54 
2.6597 2.7077 18.7213 1.1619 299.4625 5.6766 
2018/6/19 14:35:56 
2.6597 2.7322 18.7213 1.1622 299.4000 5.6761 
2018/6/19 14:35:58 
2.6597 2.7077 18.7213 1.1620 299.4625 5.6766 
2018/6/19 14:36:0 
2.6597 2.7126 43.1592 1.1620 299.4625 8.6189 
2018/6/19 14:36:1 
2.6597 2.7028 23.6089 1.1621 299.4000 6.3742 
2018/6/19 14:36:3 
2.6597 2.6735 18.7213 1.1622 299.4000 5.6761 
2018/6/19 14:36:5 
2.6597 2.7028 13.8338 1.1621 299.4000 4.8793 
2018/6/19 14:36:7 
2.6597 2.7077 13.8338 1.1620 299.4625 4.8797 
2018/6/19 14:36:9 
2.6597 2.7126 48.0468 1.1622 299.4000 9.0930 
2018/6/19 14:36:11 
2.6597 2.6637 52.9344 1.1619 299.4625 9.5454 
2018/6/19 14:36:12 
2.6597 2.6979 13.8338 1.1622 299.4000 4.8792 
2018/6/19 14:36:14 
2.6597 2.6979 43.1592 1.1622 299.4000 8.6180 
2018/6/19 14:36:16 
2.6597 2.7273 67.5972 1.1622 299.4000 10.7856 
2018/6/19 14:36:18 
2.6597 2.6784 33.3841 1.1622 299.4000 7.5796 
2018/6/19 14:36:20 
2.6597 2.7322 33.3841 1.1620 299.4625 7.5802 
2018/6/19 14:36:22 
2.6597 2.6931 38.2717 1.1620 299.4625 8.1163 
2018/6/19 14:36:23 
2.6597 2.7126 38.2717 1.1620 299.4625 8.1163 
2018/6/19 14:36:25 
2.6597 2.7077 28.4965 1.1620 299.4625 7.0035 
2018/6/19 14:36:27 
2.6597 2.6686 13.8338 1.1619 299.4625 4.8797 
2018/6/19 14:36:29 
2.6597 2.7077 57.8220 1.1619 299.4625 9.9766 
2018/6/19 14:36:31 
2.6597 2.6931 18.7213 1.1619 299.4625 5.6767 
2018/6/19 14:36:33 
2.6597 2.6735 18.7213 1.1619 299.4625 5.6767 
2018/6/19 14:36:34 
2.6597 2.7126 18.7213 1.1619 299.4625 5.6767 
2018/6/19 14:36:36 
2.6597 2.6833 72.4847 1.1618 299.4625 11.1703 
2018/6/19 14:36:38 
2.6597 2.7077 48.0468 1.1619 299.4625 9.0941 
2018/6/19 14:36:40 
2.6597 2.7322 67.5972 1.1619 299.4625 10.7869 
2018/6/19 14:36:42 
2.6597 2.6979 33.3841 1.1619 299.4625 7.5805 
2018/6/19 14:36:44 
2.6597 2.7370 4.0586 1.1619 299.4625 2.6431 
2018/6/19 14:36:45 
2.6597 2.6833 43.1592 1.1622 299.4000 8.6182 
2018/6/19 14:36:47 
2.6597 2.6686 -0.8290 1.1622 299.4000 nan 
2018/6/19 14:36:49 
2.6597 2.6979 52.9344 1.1620 299.4625 9.5452 
2018/6/19 14:36:51 
2.6597 2.6979 33.3841 1.1620 299.4625 7.5803 
2018/6/19 14:36:53 
2.6597 2.7077 67.5972 1.1622 299.4000 10.7853 
2018/6/19 14:36:55 
2.6597 2.6735 72.4847 1.1620 299.4625 11.1694 
2018/6/19 14:36:56 
2.6597 2.6784 43.1592 1.1622 299.4000 8.6181 
2018/6/19 14:36:58 
2.6597 2.6637 13.8338 1.1620 299.4625 4.8796 
2018/6/19 14:37:0 
2.6597 2.6735 28.4965 1.1620 299.4625 7.0035 
2018/6/19 14:37:2 
2.6597 2.6979 33.3841 1.1620 299.4625 7.5802 
2018/6/19 14:37:4 
2.6597 2.7126 8.9462 1.1621 299.4625 3.9239 
2018/6/19 14:37:6 
2.6597 2.6784 38.2717 1.1620 299.4625 8.1162 
2018/6/19 14:37:7 
2.6597 2.6393 43.1592 1.1621 299.4625 8.6186 
2018/6/19 14:37:9 
2.6597 2.6931 43.1592 1.1620 299.4625 8.6190 
2018/6/19 14:37:11 
2.6597 2.7273 33.3841 1.1619 299.4625 7.5804 
2018/6/19 14:37:13 
2.6597 2.6931 28.4965 1.1619 299.4625 7.0035 
2018/6/19 14:37:15 
2.6597 2.6540 72.4847 1.1620 299.4625 11.1697 
2018/6/19 14:37:17 
2.6597 2.6735 48.0468 1.1620 299.4625 9.0939 
2018/6/19 14:37:18 
2.6597 2.7224 48.0468 1.1620 299.4625 9.0939 
2018/6/19 14:37:20 
2.6597 2.7224 67.5972 1.1622 299.4000 10.7854 
2018/6/19 14:37:22 
2.6597 2.7126 67.5972 1.1622 299.4000 10.7855 
2018/6/19 14:37:24 
2.6597 2.6588 92.0351 1.1622 299.4000 12.5849 
2018/6/19 14:37:26 
2.6597 2.7126 13.8338 1.1622 299.4000 4.8792 
2018/6/19 14:37:28 
2.6597 2.6882 67.5972 1.1622 299.4000 10.7856 
2018/6/19 14:37:29 
2.6597 2.7273 38.2717 1.1620 299.4625 8.1161 
2018/6/19 14:37:31 
2.6597 2.6784 4.0586 1.1620 299.4625 2.6430 
2018/6/19 14:37:33 
2.6597 2.7468 62.7096 1.1622 299.4000 10.3884 
2018/6/19 14:37:35 
2.6597 2.6931 52.9344 1.1620 299.4625 9.5452 
2018/6/19 14:37:37 
2.6597 2.7370 28.4965 1.1620 299.4625 7.0035 
2018/6/19 14:37:39 
2.6597 2.6491 48.0468 1.1620 299.4625 9.0938 
2018/6/19 14:37:40 
2.6597 2.7126 18.7213 1.1620 299.4625 5.6766 
2018/6/19 14:37:42 
2.6597 2.6882 57.8220 1.1620 299.4625 9.9761 
2018/6/19 14:37:44 
2.6597 2.6882 13.8338 1.1618 299.5250 4.8801 
2018/6/19 14:37:46 
2.6597 2.7370 57.8220 1.1617 299.5250 9.9772 
2018/6/19 14:37:48 
2.6597 2.6979 62.7096 1.1620 299.4625 10.3890 
2018/6/19 14:37:50 
2.6597 2.7126 43.1592 1.1620 299.4625 8.6189 
2018/6/19 14:37:51 
2.6597 2.7322 13.8338 1.1620 299.4625 4.8796 
2018/6/19 14:37:53 
2.6597 2.6882 43.1592 1.1620 299.4625 8.6189 
2018/6/19 14:37:55 
2.6597 2.7028 72.4847 1.1620 299.4625 11.1697 
2018/6/19 14:37:57 
2.6597 2.7273 -0.8290 1.1618 299.5250 nan 
2018/6/19 14:37:59 
2.6597 2.7273 43.1592 1.1618 299.5250 8.6197 
2018/6/19 14:38:1 
2.6597 2.7077 38.2717 1.1617 299.5250 8.1171 
2018/6/19 14:38:2 
2.6597 2.6686 96.9226 1.1618 299.5250 12.9172 
2018/6/19 14:38:4 
2.6597 2.6637 38.2717 1.1617 299.5250 8.1172 
2018/6/19 14:38:6 
2.6597 2.6882 52.9344 1.1619 299.4625 9.5455 
2018/6/19 14:38:8 
2.6597 2.6540 23.6089 1.1620 299.4625 6.3746 
2018/6/19 14:38:10 
2.6597 2.6882 38.2717 1.1619 299.4625 8.1164 
2018/6/19 14:38:12 
2.6597 2.6931 28.4965 1.1619 299.4625 7.0036 
2018/6/19 14:38:13 
2.6597 2.6784 8.9462 1.1620 299.4625 3.9241 
2018/6/19 14:38:15 
2.6597 2.6979 57.8220 1.1620 299.4625 9.9761 
2018/6/19 14:38:17 
2.6597 2.7077 18.7213 1.1620 299.4625 5.6765 
2018/6/19 14:38:19 
2.6597 2.6637 52.9344 1.1620 299.4625 9.5452 
2018/6/19 14:38:21 
2.6597 2.7322 48.0468 1.1620 299.4625 9.0938 
2018/6/19 14:38:23 
2.6597 2.7370 72.4847 1.1620 299.4625 11.1697 
2018/6/19 14:38:24 
2.6597 2.6931 43.1592 1.1620 299.4625 8.6187 
2018/6/19 14:38:26 
2.6597 2.7126 52.9344 1.1620 299.4625 9.5452 
2018/6/19 14:38:28 
2.6597 2.6931 43.1592 1.1619 299.4625 8.6191 
2018/6/19 14:38:30 
2.6597 2.7028 48.0468 1.1619 299.4625 9.0941 
2018/6/19 14:38:32 
2.6597 2.6931 33.3841 1.1619 299.4625 7.5804 
2018/6/19 14:38:34 
2.6597 2.6735 48.0468 1.1620 299.4625 9.0938 
2018/6/19 14:38:35 
2.6597 2.7664 13.8338 1.1620 299.4625 4.8797 
2018/6/19 14:38:37 
2.6597 2.6784 28.4965 1.1622 299.4000 7.0029 
2018/6/19 14:38:39 
2.6597 2.6784 43.1592 1.1621 299.4000 8.6183 
2018/6/19 14:38:41 
2.6597 2.6833 -0.8290 1.1621 299.4000 nan 
2018/6/19 14:38:43 
2.6597 2.6931 33.3841 1.1622 299.4000 7.5795 
2018/6/19 14:38:45 
2.6597 2.6637 52.9344 1.1622 299.4000 9.5445 
2018/6/19 14:38:46 
2.6597 2.7126 8.9462 1.1620 299.4000 3.9240 
2018/6/19 14:38:48 
2.6597 2.7175 57.8220 1.1623 299.3375 9.9747 
2018/6/19 14:38:50 
2.6597 2.7126 82.2599 1.1623 299.3375 11.8975 
2018/6/19 14:38:52 
2.6597 2.7126 43.1592 1.1625 299.2750 8.6169 
2018/6/19 14:38:54 
2.6597 2.6784 57.8220 1.1625 299.2750 9.9739 
2018/6/19 14:38:56 
2.6597 2.7517 28.4965 1.1625 299.2750 7.0018 
2018/6/19 14:38:57 
2.6597 2.7322 28.4965 1.1625 299.2750 7.0018 
2018/6/19 14:38:59 
2.6597 2.7077 18.7213 1.1626 299.2750 5.6751 
2018/6/19 14:39:1 
2.6597 2.7028 67.5972 1.1626 299.2750 10.7837 
2018/6/19 14:39:3 
2.6597 2.7077 28.4965 1.1626 299.2750 7.0017 
2018/6/19 14:39:5 
2.6597 2.6833 62.7096 1.1625 299.2750 10.3867 
2018/6/19 14:39:7 
2.6597 2.6442 43.1592 1.1626 299.2750 8.6167 
2018/6/19 14:39:8 
2.6597 2.6637 43.1592 1.1626 299.2750 8.6166 
2018/6/19 14:39:10 
2.6597 2.7028 38.2717 1.1626 299.2750 8.1141 
2018/6/19 14:39:12 
2.6597 2.6637 13.8338 1.1625 299.2750 4.8785 
2018/6/19 14:39:14 
2.6597 2.7028 57.8220 1.1626 299.2750 9.9736 
2018/6/19 14:39:16 
2.6597 2.6686 18.7213 1.1626 299.2750 5.6751 
2018/6/19 14:39:17 
2.6597 2.7175 62.7096 1.1626 299.2750 10.3865 
2018/6/19 14:39:19 
2.6597 2.7077 43.1592 1.1626 299.2750 8.6167 
2018/6/19 14:39:21 
2.6597 2.6833 33.3841 1.1626 299.2750 7.5782 
2018/6/19 14:39:23 
2.6597 2.7028 -0.8290 1.1626 299.2750 nan 
2018/6/19 14:39:25 
2.6597 2.7175 52.9344 1.1625 299.2750 9.5429 
2018/6/19 14:39:27 
2.6597 2.7322 52.9344 1.1623 299.3375 9.5437 
2018/6/19 14:39:28 
2.6597 2.6882 33.3841 1.1624 299.3375 7.5790 
2018/6/19 14:39:30 
2.6597 2.6931 43.1592 1.1626 299.2750 8.6167 
2018/6/19 14:39:32 
2.6597 2.7126 -10.6044 1.1624 299.3375 nan 
2018/6/19 14:39:34 
2.6597 2.6833 57.8220 1.1624 299.3375 9.9743 
2018/6/19 14:39:36 
2.6597 2.7028 62.7096 1.1624 299.3375 10.3875 
2018/6/19 14:39:38 
2.6597 2.6931 13.8338 1.1624 299.3375 4.8787 
2018/6/19 14:39:39 
2.6597 2.7028 33.3841 1.1624 299.3375 7.5790 
2018/6/19 14:39:41 
2.6597 2.6491 77.3723 1.1624 299.3375 11.5380 
2018/6/19 14:39:43 
2.6597 2.7175 48.0468 1.1624 299.3375 9.0923 
2018/6/19 14:39:45 
2.6597 2.7028 77.3723 1.1624 299.3375 11.5381 
2018/6/19 14:39:47 
2.6597 2.7077 33.3841 1.1624 299.3375 7.5790 
2018/6/19 14:39:49 
2.6597 2.7028 72.4847 1.1624 299.3375 11.1678 
2018/6/19 14:39:50 
2.6597 2.7077 48.0468 1.1624 299.3375 9.0922 
2018/6/19 14:39:52 
2.6597 2.6979 48.0468 1.1623 299.3375 9.0925 
2018/6/19 14:39:54 
2.6597 2.6882 38.2717 1.1623 299.3375 8.1150 
2018/6/19 14:39:56 
2.6597 2.6735 77.3723 1.1623 299.3375 11.5383 
2018/6/19 14:39:58 
2.6597 2.7028 23.6089 1.1623 299.3375 6.3736 
2018/6/19 14:40:0 
2.6597 2.6979 18.7213 1.1624 299.3375 5.6756 
2018/6/19 14:40:1 
2.6597 2.7077 33.3841 1.1623 299.3375 7.5791 
2018/6/19 14:40:3 
2.6597 2.7224 57.8220 1.1624 299.3375 9.9745 
2018/6/19 14:40:5 
2.6597 2.6588 23.6089 1.1623 299.3375 6.3737 
2018/6/19 14:40:7 
2.6597 2.6882 28.4965 1.1623 299.3375 7.0024 
2018/6/19 14:40:9 
2.6597 2.7028 72.4847 1.1624 299.3375 11.1677 
2018/6/19 14:40:11 
2.6597 2.6686 62.7096 1.1624 299.3375 10.3874 
2018/6/19 14:40:12 
2.6597 2.6882 13.8338 1.1624 299.3375 4.8788 
2018/6/19 14:40:14 
2.6597 2.6882 38.2717 1.1622 299.4000 8.1155 
2018/6/19 14:40:16 
2.6597 2.6931 38.2717 1.1624 299.3375 8.1149 
2018/6/19 14:40:18 
2.6597 2.7126 28.4965 1.1624 299.3375 7.0022 
2018/6/19 14:40:20 
2.6597 2.6882 48.0468 1.1623 299.3375 9.0925 
2018/6/19 14:40:22 
2.6597 2.6686 23.6089 1.1621 299.4000 6.3742 
2018/6/19 14:40:23 
2.6597 2.6784 23.6089 1.1624 299.3375 6.3736 
2018/6/19 14:40:25 
2.6597 2.6882 72.4847 1.1624 299.3375 11.1679 
2018/6/19 14:40:27 
2.6597 2.6637 -0.8290 1.1624 299.3375 nan 
2018/6/19 14:40:29 
2.6597 2.7077 77.3723 1.1623 299.3375 11.5383 
2018/6/19 14:40:31 
2.6597 2.6931 48.0468 1.1624 299.3375 9.0924 
2018/6/19 14:40:33 
2.6597 2.6979 52.9344 1.1623 299.3375 9.5438 
2018/6/19 14:40:34 
2.6597 2.6588 52.9344 1.1623 299.3375 9.5437 
2018/6/19 14:40:36 
2.6597 2.6637 8.9462 1.1621 299.4000 3.9238 
2018/6/19 14:40:38 
2.6597 2.6931 13.8338 1.1621 299.4000 4.8793 
2018/6/19 14:40:40 
2.6597 2.6979 8.9462 1.1623 299.3375 3.9235 
2018/6/19 14:40:42 
2.6597 2.7175 33.3841 1.1624 299.3375 7.5790 
2018/6/19 14:40:44 
2.6597 2.7175 62.7096 1.1623 299.3375 10.3876 
2018/6/19 14:40:45 
2.6597 2.6784 48.0468 1.1624 299.3375 9.0923 
2018/6/19 14:40:47 
2.6597 2.7126 23.6089 1.1624 299.3375 6.3734 
2018/6/19 14:40:49 
2.6597 2.7175 38.2717 1.1624 299.3375 8.1148 
2018/6/19 14:40:51 
2.6597 2.7126 72.4847 1.1624 299.3375 11.1676 
2018/6/19 14:40:53 
2.6597 2.6784 43.1592 1.1624 299.3375 8.6173 
2018/6/19 14:40:55 
2.6597 2.6588 -5.7168 1.1624 299.3375 nan 
2018/6/19 14:40:56 
2.6597 2.6833 43.1592 1.1623 299.3375 8.6176 
2018/6/19 14:40:58 
2.6597 2.6784 48.0468 1.1623 299.3375 9.0926 
2018/6/19 14:41:0 
2.6597 2.7175 48.0468 1.1624 299.3375 9.0921 
2018/6/19 14:41:2 
2.6597 2.7126 48.0468 1.1624 299.3375 9.0923 
2018/6/19 14:41:4 
2.6597 2.7175 52.9344 1.1624 299.3375 9.5434 
2018/6/19 14:41:6 
2.6597 2.7175 62.7096 1.1624 299.3375 10.3873 
2018/6/19 14:41:7 
2.6597 2.7224 23.6089 1.1624 299.3375 6.3735 
2018/6/19 14:41:9 
2.6597 2.6784 33.3841 1.1624 299.3375 7.5788 
2018/6/19 14:41:11 
2.6597 2.7028 -5.7168 1.1622 299.4000 nan 
2018/6/19 14:41:13 
2.6597 2.7028 48.0468 1.1622 299.4000 9.0929 
2018/6/19 14:41:15 
2.6597 2.6833 43.1592 1.1625 299.3375 8.6171 
2018/6/19 14:41:17 
2.6597 2.6784 77.3723 1.1624 299.3375 11.5379 
2018/6/19 14:41:18 
2.6597 2.7077 57.8220 1.1624 299.3375 9.9745 
2018/6/19 14:41:20 
2.6597 2.7322 33.3841 1.1624 299.3375 7.5790 
2018/6/19 14:41:22 
2.6597 2.7615 52.9344 1.1624 299.3375 9.5435 
2018/6/19 14:41:24 
2.6597 2.7322 101.8102 1.1621 299.4000 13.2368 
2018/6/19 14:41:26 
2.6597 2.6735 23.6089 1.1621 299.4000 6.3741 
2018/6/19 14:41:28 
2.6597 2.7126 38.2717 1.1624 299.3375 8.1149 
2018/6/19 14:41:29 
2.6597 2.7273 57.8220 1.1623 299.3375 9.9746 
2018/6/19 14:41:31 
2.6597 2.7517 33.3841 1.1621 299.4000 7.5798 
2018/6/19 14:41:33 
2.6597 2.6931 77.3723 1.1621 299.4000 11.5394 
2018/6/19 14:41:35 
2.6597 2.7224 82.2599 1.1623 299.3375 11.8972 
2018/6/19 14:41:37 
2.6597 2.7126 62.7096 1.1622 299.4000 10.3884 
2018/6/19 14:41:39 
2.6597 2.7077 13.8338 1.1624 299.3375 4.8788 
2018/6/19 14:41:40 
2.6597 2.6882 38.2717 1.1624 299.3375 8.1147 
2018/6/19 14:41:42 
2.6597 2.6686 33.3841 1.1624 299.3375 7.5788 
2018/6/19 14:41:44 
2.6597 2.7322 23.6089 1.1624 299.3375 6.3734 
2018/6/19 14:41:46 
2.6597 2.7419 28.4965 1.1623 299.3375 7.0024 
2018/6/19 14:41:48 
2.6597 2.7077 67.5972 1.1624 299.3375 10.7847 
2018/6/19 14:41:50 
2.6597 2.7419 43.1592 1.1624 299.3375 8.6175 
2018/6/19 14:41:51 
2.6597 2.7566 52.9344 1.1623 299.3375 9.5437 
2018/6/19 14:41:53 
2.6597 2.6784 52.9344 1.1624 299.3375 9.5435 
2018/6/19 14:41:55 
2.6597 2.6735 18.7213 1.1624 299.3375 5.6755 
2018/6/19 14:41:57 
2.6597 2.7273 28.4965 1.1624 299.3375 7.0022 
2018/6/19 14:41:59 
2.6597 2.7028 52.9344 1.1624 299.3375 9.5434 
2018/6/19 14:42:1 
2.6597 2.7273 52.9344 1.1624 299.3375 9.5433 
2018/6/19 14:42:2 
2.6597 2.6979 43.1592 1.1624 299.3375 8.6175 
2018/6/19 14:42:4 
2.6597 2.7370 38.2717 1.1624 299.3375 8.1149 
2018/6/19 14:42:6 
2.6597 2.6833 57.8220 1.1624 299.3375 9.9742 
2018/6/19 14:42:8 
2.6597 2.7077 43.1592 1.1624 299.3375 8.6173 
2018/6/19 14:42:10 
2.6597 2.7077 23.6089 1.1623 299.3375 6.3737 
2018/6/19 14:42:12 
2.6597 2.7077 48.0468 1.1624 299.3375 9.0921 
2018/6/19 14:42:13 
2.6597 2.7224 52.9344 1.1624 299.3375 9.5434 
2018/6/19 14:42:15 
2.6597 2.7028 77.3723 1.1624 299.3375 11.5380 
2018/6/19 14:42:17 
2.6597 2.7322 38.2717 1.1623 299.3375 8.1150 
2018/6/19 14:42:19 
2.6597 2.6882 67.5972 1.1623 299.3375 10.7849 
2018/6/19 14:42:21 
2.6597 2.7273 -5.7168 1.1623 299.3375 nan 
2018/6/19 14:42:23 
2.6597 2.7370 48.0468 1.1623 299.3375 9.0925 
2018/6/19 14:42:24 
2.6597 2.6686 18.7213 1.1623 299.3375 5.6756 
2018/6/19 14:42:26 
2.6597 2.7077 72.4847 1.1624 299.3375 11.1676 
2018/6/19 14:42:28 
2.6597 2.6931 38.2717 1.1626 299.2750 8.1139 
2018/6/19 14:42:30 
2.6597 2.7370 8.9462 1.1626 299.2750 3.9230 
2018/6/19 14:42:32 
2.6597 2.6833 72.4847 1.1627 299.2750 11.1662 
2018/6/19 14:42:34 
2.6597 2.7468 67.5972 1.1626 299.2750 10.7834 
2018/6/19 14:42:35 
2.6597 2.7126 33.3841 1.1626 299.2750 7.5784 
2018/6/19 14:42:37 
2.6597 2.7517 28.4965 1.1626 299.2750 7.0016 
2018/6/19 14:42:39 
2.6597 2.7224 52.9344 1.1626 299.2750 9.5428 
2018/6/19 14:42:41 
2.6597 2.7468 48.0468 1.1626 299.2750 9.0915 
2018/6/19 14:42:43 
2.6597 2.7126 48.0468 1.1626 299.2750 9.0913 
2018/6/19 14:42:45 
2.6597 2.7273 38.2717 1.1626 299.2750 8.1142 
2018/6/19 14:42:46 
2.6597 2.6979 87.1475 1.1626 299.2750 12.2439 
2018/6/19 14:42:48 
2.6597 2.7224 67.5972 1.1626 299.2750 10.7834 
2018/6/19 14:42:50 
2.6597 2.7028 4.0586 1.1627 299.2750 2.6423 
2018/6/19 14:42:52 
2.6597 2.6979 101.8102 1.1626 299.2750 13.2343 
2018/6/19 14:42:54 
2.6597 2.6735 77.3723 1.1626 299.2750 11.5370 
2018/6/19 14:42:56 
2.6597 2.6784 57.8220 1.1626 299.2750 9.9734 
2018/6/19 14:42:57 
2.6597 2.6882 23.6089 1.1626 299.2750 6.3730 
2018/6/19 14:42:59 
2.6597 2.7419 28.4965 1.1626 299.2750 7.0016 
2018/6/19 14:43:1 
2.6597 2.7224 23.6089 1.1626 299.2750 6.3730 
2018/6/19 14:43:3 
2.6597 2.6735 48.0468 1.1626 299.2750 9.0914 
2018/6/19 14:43:5 
2.6597 2.7224 57.8220 1.1626 299.2750 9.9733 
2018/6/19 14:43:7 
2.6597 2.7322 72.4847 1.1624 299.3375 11.1675 
2018/6/19 14:43:8 
2.6597 2.6979 23.6089 1.1624 299.3375 6.3734 
2018/6/19 14:43:10 
2.6597 2.7126 62.7096 1.1624 299.3375 10.3871 
2018/6/19 14:43:12 
2.6597 2.7224 62.7096 1.1625 299.3375 10.3871 
2018/6/19 14:43:14 
2.6597 2.7028 43.1592 1.1624 299.3375 8.6173 
2018/6/19 14:43:16 
2.6597 2.6931 38.2717 1.1624 299.3375 8.1147 
2018/6/19 14:43:18 
2.6597 2.7077 72.4847 1.1624 299.3375 11.1675 
2018/6/19 14:43:19 
2.6597 2.7028 28.4965 1.1624 299.3375 7.0021 
2018/6/19 14:43:21 
2.6597 2.6833 87.1475 1.1624 299.3375 12.2449 
2018/6/19 14:43:23 
2.6597 2.7077 23.6089 1.1624 299.3375 6.3734 
2018/6/19 14:43:25 
2.6597 2.7224 87.1475 1.1626 299.2750 12.2440 
2018/6/19 14:43:27 
2.6597 2.7175 38.2717 1.1624 299.3375 8.1148 
2018/6/19 14:43:29 
2.6597 2.7126 -0.8290 1.1626 299.2750 nan 
2018/6/19 14:43:30 
2.6597 2.6931 52.9344 1.1626 299.2750 9.5425 
2018/6/19 14:43:32 
2.6597 2.6784 57.8220 1.1624 299.3375 9.9744 
2018/6/19 14:43:34 
2.6597 2.7370 52.9344 1.1624 299.3375 9.5435 
2018/6/19 14:43:36 
2.6597 2.7224 52.9344 1.1624 299.3375 9.5436 
2018/6/19 14:43:38 
2.6597 2.7273 38.2717 1.1624 299.3375 8.1149 
2018/6/19 14:43:40 
2.6597 2.7028 67.5972 1.1624 299.3375 10.7846 
2018/6/19 14:43:41 
2.6597 2.7273 33.3841 1.1624 299.3375 7.5790 
2018/6/19 14:43:43 
2.6597 2.7224 43.1592 1.1623 299.3375 8.6176 
2018/6/19 14:43:45 
2.6597 2.6686 13.8338 1.1624 299.3375 4.8788 
2018/6/19 14:43:47 
2.6597 2.7126 62.7096 1.1624 299.3375 10.3873 
2018/6/19 14:43:49 
2.6597 2.7322 38.2717 1.1624 299.3375 8.1148 
2018/6/19 14:43:51 
2.6597 2.6833 33.3841 1.1624 299.3375 7.5788 
2018/6/19 14:43:52 
2.6597 2.7566 62.7096 1.1624 299.3375 10.3872 
2018/6/19 14:43:54 
2.6597 2.7126 62.7096 1.1625 299.3375 10.3869 
2018/6/19 14:43:56 
2.6597 2.7077 62.7096 1.1627 299.2750 10.3860 
2018/6/19 14:43:58 
2.6597 2.7370 72.4847 1.1625 299.3375 11.1671 
2018/6/19 14:44:0 
2.6597 2.7028 43.1592 1.1627 299.2750 8.6162 
2018/6/19 14:44:2 
2.6597 2.6735 28.4965 1.1627 299.2750 7.0012 
2018/6/19 14:44:3 
2.6597 2.7077 72.4847 1.1625 299.3375 11.1671 
2018/6/19 14:44:5 
2.6597 2.6735 62.7096 1.1627 299.2750 10.3861 
2018/6/19 14:44:7 
2.6597 2.7419 57.8220 1.1627 299.2750 9.9731 
2018/6/19 14:44:9 
2.6597 2.6784 28.4965 1.1625 299.3375 7.0020 
2018/6/19 14:44:11 
2.6597 2.6637 72.4847 1.1627 299.2750 11.1663 
2018/6/19 14:44:13 
2.6597 2.7126 57.8220 1.1627 299.2750 9.9730 
2018/6/19 14:44:14 
2.6597 2.6784 72.4847 1.1624 299.3375 11.1676 
2018/6/19 14:44:16 
2.6597 2.6931 38.2717 1.1626 299.2750 8.1142 
2018/6/19 14:44:18 
2.6597 2.6931 48.0468 1.1626 299.2750 9.0916 
2018/6/19 14:44:20 
2.6597 2.6588 48.0468 1.1626 299.2750 9.0915 
2018/6/19 14:44:22 
2.6597 2.6735 77.3723 1.1626 299.2750 11.5369 
2018/6/19 14:44:24 
2.6597 2.6979 43.1592 1.1626 299.2750 8.6166 
2018/6/19 14:44:25 
2.6597 2.6931 18.7213 1.1626 299.2750 5.6750 
2018/6/19 14:44:27 
2.6597 2.7175 62.7096 1.1628 299.2125 10.3857 
2018/6/19 14:44:29 
2.6597 2.7028 67.5972 1.1628 299.2125 10.7829 
2018/6/19 14:44:31 
2.6597 2.7322 38.2717 1.1628 299.2125 8.1135 
2018/6/19 14:44:33 
2.6597 2.6784 13.8338 1.1630 299.1500 4.8774 
2018/6/19 14:44:35 
2.6597 2.7419 43.1592 1.1630 299.1500 8.6153 
2018/6/19 14:44:36 
2.6597 2.6979 82.2599 1.1631 299.1500 11.8933 
2018/6/19 14:44:38 
2.6597 2.7517 57.8220 1.1631 299.1500 9.9714 
2018/6/19 14:44:40 
2.6597 2.6833 48.0468 1.1630 299.1500 9.0897 
2018/6/19 14:44:42 
2.6597 2.7419 43.1592 1.1633 299.0875 8.6141 
2018/6/19 14:44:44 
2.6597 2.7077 28.4965 1.1631 299.1500 7.0000 
2018/6/19 14:44:46 
2.6597 2.7126 52.9344 1.1633 299.0875 9.5396 
2018/6/19 14:44:47 
2.6597 2.7370 33.3841 1.1631 299.1500 7.5765 
2018/6/19 14:44:49 
2.6597 2.7077 38.2717 1.1631 299.1500 8.1122 
2018/6/19 14:44:51 
2.6597 2.7224 57.8220 1.1633 299.0875 9.9704 
2018/6/19 14:44:53 
2.6597 2.7077 38.2717 1.1631 299.1500 8.1123 
2018/6/19 14:44:55 
2.6597 2.7322 57.8220 1.1631 299.1500 9.9714 
2018/6/19 14:44:57 
2.6597 2.7175 43.1592 1.1631 299.1500 8.6149 
2018/6/19 14:44:58 
2.6597 2.6979 33.3841 1.1631 299.1500 7.5766 
2018/6/19 14:45:0 
2.6597 2.7566 18.7213 1.1631 299.1500 5.6737 
2018/6/19 14:45:2 
2.6597 2.6735 13.8338 1.1631 299.1500 4.8773 
2018/6/19 14:45:4 
2.6597 2.7322 62.7096 1.1631 299.1500 10.3843 
2018/6/19 14:45:6 
2.6597 2.6931 33.3841 1.1633 299.0875 7.5761 
2018/6/19 14:45:8 
2.6597 2.7224 72.4847 1.1631 299.1500 11.1644 
2018/6/19 14:45:9 
2.6597 2.6784 13.8338 1.1632 299.1500 4.8771 
2018/6/19 14:45:11 
2.6597 2.7175 33.3841 1.1632 299.1500 7.5765 
2018/6/19 14:45:13 
2.6597 2.7126 43.1592 1.1632 299.1500 8.6146 
2018/6/19 14:45:15 
2.6597 2.7028 33.3841 1.1632 299.1500 7.5764 
2018/6/19 14:45:17 
2.6597 2.6979 62.7096 1.1629 299.2125 10.3849 
2018/6/19 14:45:18 
2.6597 2.7126 67.5972 1.1631 299.1500 10.7812 
2018/6/19 14:45:20 
2.6597 2.6491 18.7213 1.1631 299.1500 5.6738 
2018/6/19 14:45:22 
2.6597 2.7566 52.9344 1.1631 299.1500 9.5405 
2018/6/19 14:45:24 
2.6597 2.6784 8.9462 1.1629 299.2125 3.9225 
2018/6/19 14:45:26 
2.6597 2.7370 87.1475 1.1629 299.2125 12.2426 
2018/6/19 14:45:28 
2.6597 2.7273 43.1592 1.1631 299.1500 8.6147 
2018/6/19 14:45:29 
2.6597 2.6833 38.2717 1.1631 299.1500 8.1124 
2018/6/19 14:45:31 
2.6597 2.6931 52.9344 1.1631 299.1500 9.5407 
2018/6/19 14:45:33 
2.6597 2.7077 28.4965 1.1632 299.1500 6.9998 
2018/6/19 14:45:35 
2.6597 2.6833 43.1592 1.1631 299.1500 8.6147 
2018/6/19 14:45:37 
2.6597 2.7077 18.7213 1.1629 299.2125 5.6742 
2018/6/19 14:45:39 
2.6597 2.7273 48.0468 1.1631 299.1500 9.0894 
2018/6/19 14:45:40 
2.6597 2.6833 48.0468 1.1629 299.2125 9.0902 
2018/6/19 14:45:42 
2.6597 2.7126 62.7096 1.1631 299.1500 10.3844 
2018/6/19 14:45:44 
2.6597 2.7175 28.4965 1.1630 299.1500 7.0004 
2018/6/19 14:45:46 
2.6597 2.6979 43.1592 1.1630 299.1500 8.6151 
2018/6/19 14:45:48 
2.6597 2.6979 87.1475 1.1632 299.0875 12.2407 
2018/6/19 14:45:50 
2.6597 2.7224 57.8220 1.1633 299.0875 9.9704 
2018/6/19 14:45:51 
2.6597 2.7126 52.9344 1.1634 299.0875 9.5395 
2018/6/19 14:45:53 
2.6597 2.6931 28.4965 1.1634 299.0875 6.9993 
2018/6/19 14:45:55 
2.6597 2.6588 18.7213 1.1633 299.0875 5.6734 
2018/6/19 14:45:57 
2.6597 2.6784 33.3841 1.1633 299.0875 7.5759 
2018/6/19 14:45:59 
2.6597 2.7224 52.9344 1.1634 299.0875 9.5395 
2018/6/19 14:46:1 
2.6597 2.6931 77.3723 1.1634 299.0875 11.5332 
2018/6/19 14:46:2 
2.6597 2.7077 23.6089 1.1636 299.0250 6.3702 
2018/6/19 14:46:4 
2.6597 2.6784 38.2717 1.1636 299.0250 8.1107 
2018/6/19 14:46:6 
2.6597 2.6637 18.7213 1.1635 299.0250 5.6728 
2018/6/19 14:46:8 
2.6597 2.6979 33.3841 1.1638 298.9625 7.5744 
2018/6/19 14:46:10 
2.6597 2.6931 18.7213 1.1638 298.9625 5.6722 
2018/6/19 14:46:12 
2.6597 2.7126 13.8338 1.1638 298.9625 4.8758 
2018/6/19 14:46:13 
2.6597 2.6588 48.0468 1.1637 298.9625 9.0870 
2018/6/19 14:46:15 
2.6597 2.7126 18.7213 1.1638 298.9625 5.6722 
2018/6/19 14:46:17 
2.6597 2.6784 28.4965 1.1638 298.9625 6.9980 
2018/6/19 14:46:19 
2.6597 2.6979 4.0586 1.1637 298.9625 2.6410 
2018/6/19 14:46:21 
2.6597 2.7273 62.7096 1.1638 298.9625 10.3811 
2018/6/19 14:46:23 
2.6597 2.6686 18.7213 1.1641 298.9000 5.6715 
2018/6/19 14:46:24 
2.6597 2.6833 57.8220 1.1638 298.9625 9.9681 
2018/6/19 14:46:26 
2.6597 2.6637 38.2717 1.1639 298.9625 8.1096 
2018/6/19 14:46:28 
2.6597 2.7028 52.9344 1.1638 298.9625 9.5376 
2018/6/19 14:46:30 
2.6597 2.6979 4.0586 1.1636 299.0250 2.6412 
2018/6/19 14:46:32 
2.6597 2.6882 38.2717 1.1638 298.9625 8.1100 
2018/6/19 14:46:34 
2.6597 2.6979 -10.6044 1.1638 298.9625 nan 
2018/6/19 14:46:35 
2.6597 2.6784 18.7213 1.1638 298.9625 5.6721 
2018/6/19 14:46:37 
2.6597 2.6833 23.6089 1.1637 298.9625 6.3698 
2018/6/19 14:46:39 
2.6597 2.6784 57.8220 1.1637 298.9625 9.9687 
2018/6/19 14:46:41 
2.6597 2.7028 18.7213 1.1637 298.9625 5.6723 
2018/6/19 14:46:43 
2.6597 2.6882 72.4847 1.1638 298.9625 11.1609 
2018/6/19 14:46:45 
2.6597 2.6882 -15.4920 1.1639 298.9625 nan 
2018/6/19 14:46:46 
2.6597 2.6784 28.4965 1.1639 298.9625 6.9977 
2018/6/19 14:46:48 
2.6597 2.7175 28.4965 1.1639 298.9625 6.9975 
2018/6/19 14:46:50 
2.6597 2.7126 57.8220 1.1639 298.9625 9.9679 
2018/6/19 14:46:52 
2.6597 2.6588 -0.8290 1.1637 299.0250 nan 
2018/6/19 14:46:54 
2.6597 2.7028 33.3841 1.1638 298.9625 7.5742 
2018/6/19 14:46:56 
2.6597 2.6784 62.7096 1.1639 298.9625 10.3808 
2018/6/19 14:46:57 
2.6597 2.6393 48.0468 1.1636 299.0250 9.0874 
2018/6/19 14:46:59 
2.6597 2.7028 18.7213 1.1637 299.0250 5.6724 
2018/6/19 14:47:1 
2.6597 2.7175 23.6089 1.1636 299.0250 6.3701 
2018/6/19 14:47:3 
2.6597 2.6979 18.7213 1.1636 299.0250 5.6725 
2018/6/19 14:47:5 
2.6597 2.7175 87.1475 1.1639 298.9625 12.2375 
2018/6/19 14:47:7 
2.6597 2.6784 48.0468 1.1638 298.9625 9.0867 
2018/6/19 14:47:8 
2.6597 2.6588 -0.8290 1.1639 298.9625 nan 
2018/6/19 14:47:10 
2.6597 2.7175 57.8220 1.1638 298.9625 9.9682 
2018/6/19 14:47:12 
2.6597 2.7028 33.3841 1.1638 298.9625 7.5745 
2018/6/19 14:47:14 
2.6597 2.7028 38.2717 1.1638 298.9625 8.1099 
2018/6/19 14:47:16 
2.6597 2.6979 38.2717 1.1638 298.9625 8.1098 
2018/6/19 14:47:18 
2.6597 2.6686 38.2717 1.1638 298.9625 8.1100 
2018/6/19 14:47:19 
2.6597 2.7077 28.4965 1.1638 298.9625 6.9980 
2018/6/19 14:47:21 
2.6597 2.6882 67.5972 1.1637 298.9625 10.7786 
2018/6/19 14:47:23 
2.6597 2.6979 52.9344 1.1641 298.9000 9.5367 
2018/6/19 14:47:25 
2.6597 2.6931 52.9344 1.1641 298.9000 9.5364 
2018/6/19 14:47:27 
2.6597 2.6784 67.5972 1.1641 298.9000 10.7766 
2018/6/19 14:47:29 
2.6597 2.7273 13.8338 1.1641 298.9000 4.8751 
2018/6/19 14:47:30 
2.6597 2.6784 57.8220 1.1641 298.9000 9.9672 
2018/6/19 14:47:32 
2.6597 2.6833 48.0468 1.1641 298.9000 9.0856 
2018/6/19 14:47:34 
2.6597 2.6882 52.9344 1.1641 298.9000 9.5363 
2018/6/19 14:47:36 
2.6597 2.7322 8.9462 1.1641 298.9000 3.9205 
2018/6/19 14:47:38 
2.6597 2.6931 48.0468 1.1641 298.9000 9.0855 
2018/6/19 14:47:40 
2.6597 2.7077 38.2717 1.1641 298.9000 8.1089 
2018/6/19 14:47:41 
2.6597 2.7273 33.3841 1.1640 298.9000 7.5736 
2018/6/19 14:47:43 
2.6597 2.7028 18.7213 1.1641 298.9000 5.6714 
2018/6/19 14:47:45 
2.6597 2.6588 72.4847 1.1639 298.9000 11.1602 
2018/6/19 14:47:47 
2.6597 2.7273 72.4847 1.1639 298.9000 11.1604 
2018/6/19 14:47:49 
2.6597 2.7077 67.5972 1.1639 298.9000 10.7776 
2018/6/19 14:47:51 
2.6597 2.7370 48.0468 1.1642 298.8375 9.0853 
2018/6/19 14:47:52 
2.6597 2.6637 57.8220 1.1642 298.8375 9.9666 
2018/6/19 14:47:54 
2.6597 2.6882 48.0468 1.1642 298.8375 9.0850 
2018/6/19 14:47:56 
2.6597 2.6735 82.2599 1.1643 298.8375 11.8874 
2018/6/19 14:47:58 
2.6597 2.7077 28.4965 1.1643 298.8375 6.9964 
2018/6/19 14:48:0 
2.6597 2.6833 62.7096 1.1644 298.8375 10.3786 
2018/6/19 14:48:2 
2.6597 2.7126 72.4847 1.1641 298.9000 11.1592 
2018/6/19 14:48:3 
2.6597 2.7468 43.1592 1.1641 298.9000 8.6111 
2018/6/19 14:48:5 
2.6597 2.6882 23.6089 1.1641 298.9000 6.3688 
2018/6/19 14:48:7 
2.6597 2.7322 38.2717 1.1642 298.9000 8.1086 
2018/6/19 14:48:9 
2.6597 2.6833 57.8220 1.1641 298.9000 9.9669 
2018/6/19 14:48:11 
2.6597 2.7077 43.1592 1.1641 298.9000 8.6109 
2018/6/19 14:48:13 
2.6597 2.7224 52.9344 1.1641 298.9000 9.5366 
2018/6/19 14:48:14 
2.6597 2.7126 62.7096 1.1641 298.9000 10.3799 
2018/6/19 14:48:16 
2.6597 2.7419 77.3723 1.1641 298.9000 11.5297 
2018/6/19 14:48:18 
2.6597 2.6931 92.0351 1.1640 298.9000 12.5750 
2018/6/19 14:48:20 
2.6597 2.6637 48.0468 1.1640 298.9000 9.0859 
2018/6/19 14:48:22 
2.6597 2.6931 67.5972 1.1640 298.9000 10.7770 
2018/6/19 14:48:24 
2.6597 2.7370 72.4847 1.1641 298.9000 11.1595 
2018/6/19 14:48:25 
2.6597 2.7224 23.6089 1.1641 298.9000 6.3688 
2018/6/19 14:48:27 
2.6597 2.6784 43.1592 1.1641 298.9000 8.6112 
2018/6/19 14:48:29 
2.6597 2.7224 48.0468 1.1640 298.9000 9.0858 
2018/6/19 14:48:31 
2.6597 2.7273 33.3841 1.1640 298.9000 7.5736 
2018/6/19 14:48:33 
2.6597 2.7273 23.6089 1.1638 298.9625 6.3695 
2018/6/19 14:48:35 
2.6597 2.7175 43.1592 1.1639 298.9625 8.6119 
2018/6/19 14:48:36 
2.6597 2.7175 52.9344 1.1641 298.9000 9.5365 
2018/6/19 14:48:38 
2.6597 2.7273 52.9344 1.1641 298.9000 9.5364 
2018/6/19 14:48:40 
2.6597 2.7126 52.9344 1.1641 298.9000 9.5367 
2018/6/19 14:48:42 
2.6597 2.6833 72.4847 1.1644 298.8375 11.1582 
2018/6/19 14:48:44 
2.6597 2.7566 48.0468 1.1644 298.8375 9.0844 
2018/6/19 14:48:45 
2.6597 2.7517 62.7096 1.1644 298.8375 10.3784 
2018/6/19 14:48:47 
2.6597 2.6882 -0.8290 1.1646 298.7750 nan 
2018/6/19 14:48:49 
2.6597 2.7566 23.6089 1.1646 298.7750 6.3674 
2018/6/19 14:48:51 
2.6597 2.7028 28.4965 1.1646 298.7750 6.9955 
2018/6/19 14:48:53 
2.6597 2.7273 38.2717 1.1646 298.7750 8.1070 
2018/6/19 14:48:55 
2.6597 2.6833 52.9344 1.1646 298.7750 9.5346 
2018/6/19 14:48:56 
2.6597 2.6735 111.5854 1.1646 298.7750 13.8427 
2018/6/19 14:48:58 
2.6597 2.7028 28.4965 1.1649 298.7125 6.9946 
2018/6/19 14:49:0 
2.6597 2.6784 43.1592 1.1649 298.7125 8.6081 
2018/6/19 14:49:2 
2.6597 2.6833 57.8220 1.1648 298.7125 9.9638 
2018/6/19 14:49:4 
2.6597 2.6637 13.8338 1.1649 298.7125 4.8735 
2018/6/19 14:49:6 
2.6597 2.7028 4.0586 1.1649 298.7125 2.6397 
2018/6/19 14:49:7 
2.6597 2.6637 -25.2671 1.1649 298.7125 nan 
2018/6/19 14:49:9 
2.6597 2.6882 18.7213 1.1649 298.7125 5.6693 
2018/6/19 14:49:11 
2.6597 2.7273 13.8338 1.1649 298.7125 4.8735 
2018/6/19 14:49:13 
2.6597 2.6784 82.2599 1.1649 298.7125 11.8839 
2018/6/19 14:49:15 
2.6597 2.6540 -5.7168 1.1649 298.7125 nan 
2018/6/19 14:49:17 
2.6597 2.7175 -10.6044 1.1649 298.7125 nan 
2018/6/19 14:49:18 
2.6597 2.6784 13.8338 1.1649 298.7125 4.8735 
2018/6/19 14:49:20 
2.6597 2.7126 28.4965 1.1649 298.7125 6.9946 
2018/6/19 14:49:22 
2.6597 2.6784 57.8220 1.1649 298.7125 9.9635 
2018/6/19 14:49:24 
2.6597 2.7126 18.7213 1.1650 298.7125 5.6693 
2018/6/19 14:49:26 
2.6597 2.6979 33.3841 1.1649 298.7125 7.5706 
2018/6/19 14:49:28 
2.6597 2.6686 18.7213 1.1649 298.7125 5.6693 
2018/6/19 14:49:30 
2.6597 2.6784 8.9462 1.1649 298.7125 3.9191 
2018/6/19 14:49:31 
2.6597 2.6979 13.8338 1.1649 298.7125 4.8735 
2018/6/19 14:49:33 
2.6597 2.6784 33.3841 1.1649 298.7125 7.5707 
2018/6/19 14:49:35 
2.6597 2.6784 52.9344 1.1649 298.7125 9.5334 
2018/6/19 14:49:37 
2.6597 2.6393 72.4847 1.1648 298.7125 11.1559 
2018/6/19 14:49:39 
2.6597 2.6979 28.4965 1.1649 298.7125 6.9947 
2018/6/19 14:49:41 
2.6597 2.6735 52.9344 1.1649 298.7125 9.5332 
2018/6/19 14:49:42 
2.6597 2.6979 23.6089 1.1649 298.7125 6.3665 
2018/6/19 14:49:44 
2.6597 2.6882 52.9344 1.1649 298.7125 9.5333 
2018/6/19 14:49:46 
2.6597 2.6931 -5.7168 1.1649 298.7125 nan 
2018/6/19 14:49:48 
2.6597 2.7126 38.2717 1.1649 298.7125 8.1061 
2018/6/19 14:49:50 
2.6597 2.6882 18.7213 1.1649 298.7125 5.6694 
2018/6/19 14:49:52 
2.6597 2.6979 67.5972 1.1649 298.7125 10.7728 
2018/6/19 14:49:53 
2.6597 2.7077 38.2717 1.1647 298.7750 8.1066 
2018/6/19 14:49:55 
2.6597 2.6784 8.9462 1.1649 298.7125 3.9191 
2018/6/19 14:49:57 
2.6597 2.6833 33.3841 1.1649 298.7125 7.5707 
2018/6/19 14:49:59 
2.6597 2.7028 28.4965 1.1649 298.7125 6.9945 
2018/6/19 14:50:1 
2.6597 2.6979 28.4965 1.1647 298.7750 6.9953 
2018/6/19 14:50:3 
2.6597 2.6931 62.7096 1.1649 298.7125 10.3763 
2018/6/19 14:50:4 
2.6597 2.6784 8.9462 1.1647 298.7750 3.9195 
2018/6/19 14:50:6 
2.6597 2.6637 38.2717 1.1647 298.7750 8.1067 
2018/6/19 14:50:8 
2.6597 2.7224 -10.6044 1.1647 298.7750 nan 
2018/6/19 14:50:10 
2.6597 2.6979 -5.7168 1.1647 298.7750 nan 
2018/6/19 14:50:12 
2.6597 2.6637 -20.3795 1.1647 298.7750 nan 
2018/6/19 14:50:14 
2.6597 2.6882 23.6089 1.1649 298.7125 6.3667 
2018/6/19 14:50:15 
2.6597 2.6735 13.8338 1.1647 298.7750 4.8739 
2018/6/19 14:50:17 
2.6597 2.6833 43.1592 1.1647 298.7750 8.6089 
2018/6/19 14:50:19 
2.6597 2.6979 43.1592 1.1647 298.7750 8.6089 
2018/6/19 14:50:21 
2.6597 2.6931 33.3841 1.1647 298.7750 7.5713 
2018/6/19 14:50:23 
2.6597 2.6735 57.8220 1.1647 298.7750 9.9644 
2018/6/19 14:50:25 
2.6597 2.6882 23.6089 1.1646 298.7750 6.3673 
2018/6/19 14:50:26 
2.6597 2.6588 13.8338 1.1646 298.7750 4.8740 
2018/6/19 14:50:28 
2.6597 2.6735 23.6089 1.1646 298.7750 6.3673 
2018/6/19 14:50:30 
2.6597 2.6931 8.9462 1.1644 298.8375 3.9199 
2018/6/19 14:50:32 
2.6597 2.7077 43.1592 1.1645 298.7750 8.6094 
2018/6/19 14:50:34 
2.6597 2.6491 13.8338 1.1643 298.8375 4.8747 
2018/6/19 14:50:36 
2.6597 2.6931 23.6089 1.1643 298.8375 6.3682 
2018/6/19 14:50:37 
2.6597 2.6979 13.8338 1.1644 298.8375 4.8746 
2018/6/19 14:50:39 
2.6597 2.6833 38.2717 1.1643 298.8375 8.1082 
2018/6/19 14:50:41 
2.6597 2.6882 -10.6044 1.1643 298.8375 nan 
2018/6/19 14:50:43 
2.6597 2.7175 57.8220 1.1643 298.8375 9.9661 
2018/6/19 14:50:45 
2.6597 2.6784 28.4965 1.1644 298.8375 6.9962 
2018/6/19 14:50:47 
2.6597 2.6931 72.4847 1.1644 298.8375 11.1582 
2018/6/19 14:50:48 
2.6597 2.6931 -10.6044 1.1644 298.8375 nan 
2018/6/19 14:50:50 
2.6597 2.6442 13.8338 1.1643 298.8375 4.8747 
2018/6/19 14:50:52 
2.6597 2.7175 96.9226 1.1641 298.9000 12.9042 
2018/6/19 14:50:54 
2.6597 2.7126 38.2717 1.1643 298.8375 8.1080 
2018/6/19 14:50:56 
2.6597 2.6931 28.4965 1.1641 298.9000 6.9971 
2018/6/19 14:50:58 
2.6597 2.6979 -5.7168 1.1642 298.8375 nan 
2018/6/19 14:50:59 
2.6597 2.6931 67.5972 1.1643 298.8375 10.7758 
2018/6/19 14:51:1 
2.6597 2.6931 38.2717 1.1641 298.9000 8.1090 
2018/6/19 14:51:3 
2.6597 2.6540 33.3841 1.1642 298.8375 7.5729 
2018/6/19 14:51:5 
2.6597 2.6784 13.8338 1.1643 298.8375 4.8748 
2018/6/19 14:51:7 
2.6597 2.6931 33.3841 1.1641 298.9000 7.5735 
2018/6/19 14:51:8 
2.6597 2.6393 8.9462 1.1642 298.8375 3.9202 
2018/6/19 14:51:10 
2.6597 2.6882 52.9344 1.1643 298.8375 9.5357 
2018/6/19 14:51:12 
2.6597 2.6882 8.9462 1.1642 298.8375 3.9202 
2018/6/19 14:51:14 
2.6597 2.7077 23.6089 1.1640 298.9000 6.3690 
2018/6/19 14:51:16 
2.6597 2.6637 18.7213 1.1641 298.9000 5.6714 
2018/6/19 14:51:18 
2.6597 2.6882 28.4965 1.1643 298.8375 6.9964 
2018/6/19 14:51:19 
2.6597 2.6784 8.9462 1.1643 298.8375 3.9202 
2018/6/19 14:51:21 
2.6597 2.6540 -0.8290 1.1641 298.9000 nan 
2018/6/19 14:51:23 
2.6597 2.6491 33.3841 1.1641 298.9000 7.5733 
2018/6/19 14:51:25 
2.6597 2.6979 33.3841 1.1642 298.9000 7.5731 
2018/6/19 14:51:27 
2.6597 2.6931 28.4965 1.1643 298.8375 6.9963 
2018/6/19 14:51:29 
2.6597 2.6735 4.0586 1.1643 298.8375 2.6404 
2018/6/19 14:51:30 
2.6597 2.6686 48.0468 1.1641 298.9000 9.0855 
2018/6/19 14:51:32 
2.6597 2.6686 28.4965 1.1642 298.9000 6.9969 
2018/6/19 14:51:34 
2.6597 2.6686 4.0586 1.1643 298.8375 2.6404 
2018/6/19 14:51:36 
2.6597 2.7175 28.4965 1.1641 298.9000 6.9970 
2018/6/19 14:51:38 
2.6597 2.6833 23.6089 1.1641 298.9000 6.3687 
2018/6/19 14:51:40 
2.6597 2.6637 43.1592 1.1641 298.9000 8.6111 
2018/6/19 14:51:41 
2.6597 2.6833 13.8338 1.1642 298.9000 4.8750 
2018/6/19 14:51:43 
2.6597 2.6882 23.6089 1.1641 298.9000 6.3688 
2018/6/19 14:51:45 
2.6597 2.6735 23.6089 1.1641 298.9000 6.3687 
2018/6/19 14:51:47 
2.6597 2.6882 77.3723 1.1642 298.9000 11.5292 
2018/6/19 14:51:49 
2.6597 2.7028 23.6089 1.1644 298.8375 6.3681 
2018/6/19 14:51:51 
2.6597 2.6931 -0.8290 1.1642 298.9000 nan 
2018/6/19 14:51:52 
2.6597 2.7126 57.8220 1.1642 298.9000 9.9665 
2018/6/19 14:51:54 
2.6597 2.7224 67.5972 1.1645 298.8375 10.7749 
2018/6/19 14:51:56 
2.6597 2.6931 18.7213 1.1645 298.8375 5.6705 
2018/6/19 14:51:58 
2.6597 2.6393 38.2717 1.1644 298.8375 8.1078 
2018/6/19 14:52:0 
2.6597 2.7028 8.9462 1.1644 298.8375 3.9200 
2018/6/19 14:52:2 
2.6597 2.6784 18.7213 1.1642 298.9000 5.6711 
2018/6/19 14:52:3 
2.6597 2.6784 43.1592 1.1644 298.8375 8.6100 
2018/6/19 14:52:5 
2.6597 2.6735 -10.6044 1.1644 298.8375 nan 
2018/6/19 14:52:7 
2.6597 2.6931 18.7213 1.1645 298.8375 5.6705 
2018/6/19 14:52:9 
2.6597 2.7028 13.8338 1.1645 298.8375 4.8744 
2018/6/19 14:52:11 
2.6597 2.6979 62.7096 1.1645 298.8375 10.3778 
2018/6/19 14:52:13 
2.6597 2.6882 43.1592 1.1645 298.8375 8.6097 
2018/6/19 14:52:14 
2.6597 2.6735 18.7213 1.1644 298.8375 5.6707 
2018/6/19 14:52:16 
2.6597 2.6784 -10.6044 1.1644 298.8375 nan 
2018/6/19 14:52:18 
2.6597 2.7126 48.0468 1.1642 298.9000 9.0853 
2018/6/19 14:52:20 
2.6597 2.7273 -0.8290 1.1643 298.9000 nan 
2018/6/19 14:52:22 
2.6597 2.6491 43.1592 1.1641 298.9000 8.6109 
2018/6/19 14:52:24 
2.6597 2.7028 -0.8290 1.1641 298.9000 nan 
2018/6/19 14:52:25 
2.6597 2.6882 4.0586 1.1641 298.9000 2.6406 
2018/6/19 14:52:27 
2.6597 2.6735 -10.6044 1.1641 298.9000 nan 
2018/6/19 14:52:29 
2.6597 2.7224 28.4965 1.1641 298.9000 6.9970 
2018/6/19 14:52:31 
2.6597 2.6931 57.8220 1.1641 298.9000 9.9670 
2018/6/19 14:52:33 
2.6597 2.6979 -0.8290 1.1641 298.9000 nan 
2018/6/19 14:52:35 
2.6597 2.7224 23.6089 1.1641 298.9000 6.3688 
2018/6/19 14:52:36 
2.6597 2.6735 -5.7168 1.1641 298.9000 nan 
2018/6/19 14:52:38 
2.6597 2.6686 33.3841 1.1641 298.9000 7.5735 
2018/6/19 14:52:40 
2.6597 2.6637 28.4965 1.1641 298.9000 6.9971 
2018/6/19 14:52:42 
2.6597 2.6637 -0.8290 1.1641 298.9000 nan 
2018/6/19 14:52:44 
2.6597 2.6882 57.8220 1.1641 298.9000 9.9672 
2018/6/19 14:52:46 
2.6597 2.6735 38.2717 1.1640 298.9000 8.1090 
2018/6/19 14:52:47 
2.6597 2.6931 8.9462 1.1641 298.9000 3.9206 
2018/6/19 14:52:49 
2.6597 2.7077 57.8220 1.1639 298.9625 9.9681 
2018/6/19 14:52:51 
2.6597 2.6931 -10.6044 1.1639 298.9625 nan 
2018/6/19 14:52:53 
2.6597 2.6491 28.4965 1.1639 298.9625 6.9978 
2018/6/19 14:52:55 
2.6597 2.6588 13.8338 1.1639 298.9625 4.8756 
2018/6/19 14:52:57 
2.6597 2.7028 23.6089 1.1642 298.9000 6.3686 
2018/6/19 14:52:58 
2.6597 2.6540 62.7096 1.1641 298.9000 10.3795 
2018/6/19 14:53:0 
2.6597 2.6882 18.7213 1.1642 298.9000 5.6712 
2018/6/19 14:53:2 
2.6597 2.6735 43.1592 1.1642 298.9000 8.6108 
2018/6/19 14:53:4 
2.6597 2.7028 13.8338 1.1642 298.9000 4.8750 
2018/6/19 14:53:6 
2.6597 2.6882 -0.8290 1.1642 298.9000 nan 
2018/6/19 14:53:8 
2.6597 2.6686 43.1592 1.1642 298.9000 8.6106 
2018/6/19 14:53:9 
2.6597 2.7077 -0.8290 1.1642 298.9000 nan 
2018/6/19 14:53:11 
2.6597 2.6833 38.2717 1.1642 298.9000 8.1085 
2018/6/19 14:53:13 
2.6597 2.7077 23.6089 1.1642 298.9000 6.3686 
2018/6/19 14:53:15 
2.6597 2.6735 18.7213 1.1642 298.9000 5.6712 
2018/6/19 14:53:17 
2.6597 2.7224 -25.2671 1.1642 298.9000 nan 
2018/6/19 14:53:19 
2.6597 2.6784 -15.4920 1.1642 298.9000 nan 
2018/6/19 14:53:20 
2.6597 2.6784 33.3841 1.1644 298.8375 7.5725 
2018/6/19 14:53:22 
2.6597 2.6295 -10.6044 1.1641 298.9000 nan 
2018/6/19 14:53:24 
2.6597 2.7028 28.4965 1.1641 298.9000 6.9970 
2018/6/19 14:53:26 
2.6597 2.6735 33.3841 1.1642 298.9000 7.5730 
2018/6/19 14:53:28 
2.6597 2.6833 8.9462 1.1643 298.9000 3.9202 
2018/6/19 14:53:30 
2.6597 2.6784 23.6089 1.1644 298.8375 6.3679 
2018/6/19 14:53:31 
2.6597 2.6784 52.9344 1.1645 298.8375 9.5350 
2018/6/19 14:53:33 
2.6597 2.6882 -15.4920 1.1643 298.9000 nan 
2018/6/19 14:53:35 
2.6597 2.6686 28.4965 1.1646 298.8375 6.9956 
2018/6/19 14:53:37 
2.6597 2.6784 38.2717 1.1646 298.8375 8.1072 
2018/6/19 14:53:39 
2.6597 2.7077 23.6089 1.1645 298.8375 6.3677 
2018/6/19 14:53:41 
2.6597 2.6979 18.7213 1.1645 298.8375 5.6703 
2018/6/19 14:53:42 
2.6597 2.7126 8.9462 1.1645 298.8375 3.9198 
2018/6/19 14:53:44 
2.6597 2.6588 18.7213 1.1645 298.8375 5.6704 
2018/6/19 14:53:46 
2.6597 2.6833 33.3841 1.1645 298.8375 7.5720 
2018/6/19 14:53:48 
2.6597 2.6931 43.1592 1.1644 298.8375 8.6098 
2018/6/19 14:53:50 
2.6597 2.6735 18.7213 1.1647 298.7750 5.6700 
2018/6/19 14:53:52 
2.6597 2.6979 38.2717 1.1646 298.7750 8.1072 
2018/6/19 14:53:53 
2.6597 2.6588 43.1592 1.1647 298.7750 8.6090 
2018/6/19 14:53:55 
2.6597 2.7077 -5.7168 1.1647 298.7750 nan 
2018/6/19 14:53:57 
2.6597 2.6491 23.6089 1.1647 298.7750 6.3672 
2018/6/19 14:53:59 
2.6597 2.7028 23.6089 1.1650 298.7125 6.3664 
2018/6/19 14:54:1 
2.6597 2.6784 33.3841 1.1650 298.7125 7.5706 
2018/6/19 14:54:3 
2.6597 2.6931 13.8338 1.1650 298.7125 4.8733 
2018/6/19 14:54:4 
2.6597 2.6833 23.6089 1.1650 298.7125 6.3663 
2018/6/19 14:54:6 
2.6597 2.6979 13.8338 1.1652 298.6500 4.8729 
2018/6/19 14:54:8 
2.6597 2.6979 28.4965 1.1650 298.7125 6.9943 
2018/6/19 14:54:10 
2.6597 2.6931 18.7213 1.1650 298.7125 5.6691 
2018/6/19 14:54:12 
2.6597 2.7077 33.3841 1.1652 298.6500 7.5696 
2018/6/19 14:54:14 
2.6597 2.6979 77.3723 1.1650 298.7125 11.5249 
2018/6/19 14:54:15 
2.6597 2.7126 38.2717 1.1652 298.6500 8.1049 
2018/6/19 14:54:17 
2.6597 2.6833 43.1592 1.1653 298.6500 8.6066 
2018/6/19 14:54:19 
2.6597 2.6735 13.8338 1.1651 298.7125 4.8731 
2018/6/19 14:54:21 
2.6597 2.6979 48.0468 1.1651 298.7125 9.0818 
2018/6/19 14:54:23 
2.6597 2.6735 33.3841 1.1651 298.7125 7.5702 
2018/6/19 14:54:24 
2.6597 2.6931 33.3841 1.1650 298.7125 7.5703 
2018/6/19 14:54:26 
2.6597 2.6735 23.6089 1.1650 298.7125 6.3663 
2018/6/19 14:54:28 
2.6597 2.6686 13.8338 1.1650 298.7125 4.8732 
2018/6/19 14:54:30 
2.6597 2.6491 4.0586 1.1651 298.7125 2.6395 
2018/6/19 14:54:32 
2.6597 2.6833 23.6089 1.1649 298.7750 6.3667 
2018/6/19 14:54:34 
2.6597 2.6979 23.6089 1.1650 298.7125 6.3663 
2018/6/19 14:54:35 
2.6597 2.6735 13.8338 1.1650 298.7125 4.8733 
2018/6/19 14:54:37 
2.6597 2.6931 18.7213 1.1649 298.7125 5.6693 
2018/6/19 14:54:39 
2.6597 2.6735 13.8338 1.1650 298.7125 4.8732 
2018/6/19 14:54:41 
2.6597 2.6686 23.6089 1.1650 298.7125 6.3663 
2018/6/19 14:54:43 
2.6597 2.6931 48.0468 1.1650 298.7125 9.0819 
2018/6/19 14:54:45 
2.6597 2.6931 38.2717 1.1651 298.7125 8.1054 
2018/6/19 14:54:46 
2.6597 2.7028 52.9344 1.1651 298.7125 9.5323 
2018/6/19 14:54:48 
2.6597 2.6540 48.0468 1.1651 298.7125 9.0816 
2018/6/19 14:54:50 
2.6597 2.6931 -10.6044 1.1650 298.7125 nan 
2018/6/19 14:54:52 
2.6597 2.6784 43.1592 1.1651 298.7125 8.6073 
2018/6/19 14:54:54 
2.6597 2.6979 62.7096 1.1651 298.7125 10.3753 
2018/6/19 14:54:56 
2.6597 2.6491 18.7213 1.1651 298.7125 5.6689 
2018/6/19 14:54:57 
2.6597 2.6833 28.4965 1.1652 298.7125 6.9939 
2018/6/19 14:54:59 
2.6597 2.6931 43.1592 1.1651 298.7125 8.6074 
2018/6/19 14:55:1 
2.6597 2.6979 -0.8290 1.1652 298.7125 nan 
2018/6/19 14:55:3 
2.6597 2.7077 43.1592 1.1652 298.7125 8.6071 
2018/6/19 14:55:5 
2.6597 2.7322 48.0468 1.1652 298.7125 9.0814 
2018/6/19 14:55:7 
2.6597 2.7175 18.7213 1.1651 298.7125 5.6688 
2018/6/19 14:55:8 
2.6597 2.6931 8.9462 1.1651 298.7125 3.9187 
2018/6/19 14:55:10 
2.6597 2.6833 18.7213 1.1651 298.7125 5.6688 
2018/6/19 14:55:12 
2.6597 2.6686 -5.7168 1.1652 298.7125 nan 
2018/6/19 14:55:14 
2.6597 2.6833 23.6089 1.1651 298.7125 6.3660 
2018/6/19 14:55:16 
2.6597 2.6442 43.1592 1.1653 298.6500 8.6065 
2018/6/19 14:55:18 
2.6597 2.6735 62.7096 1.1653 298.6500 10.3743 
2018/6/19 14:55:19 
2.6597 2.6979 18.7213 1.1654 298.6500 5.6683 
2018/6/19 14:55:21 
2.6597 2.6588 4.0586 1.1653 298.6500 2.6393 
2018/6/19 14:55:23 
2.6597 2.7077 43.1592 1.1653 298.6500 8.6066 
2018/6/19 14:55:25 
2.6597 2.6833 38.2717 1.1652 298.6500 8.1049 
2018/6/19 14:55:27 
2.6597 2.6686 52.9344 1.1653 298.6500 9.5315 
2018/6/19 14:55:29 
2.6597 2.6491 -0.8290 1.1653 298.6500 nan 
2018/6/19 14:55:30 
2.6597 2.6735 33.3841 1.1653 298.6500 7.5695 
2018/6/19 14:55:32 
2.6597 2.6833 52.9344 1.1653 298.6500 9.5314 
2018/6/19 14:55:34 
2.6597 2.6979 67.5972 1.1653 298.6500 10.7711 
2018/6/19 14:55:36 
2.6597 2.7028 8.9462 1.1654 298.6500 3.9183 
2018/6/19 14:55:38 
2.6597 2.7028 4.0586 1.1653 298.6500 2.6392 
2018/6/19 14:55:40 
2.6597 2.6588 62.7096 1.1651 298.7125 10.3754 
2018/6/19 14:55:41 
2.6597 2.6979 33.3841 1.1651 298.7125 7.5702 
2018/6/19 14:55:43 
2.6597 2.6882 33.3841 1.1650 298.7125 7.5703 
2018/6/19 14:55:45 
2.6597 2.6979 43.1592 1.1649 298.7125 8.6081 
2018/6/19 14:55:47 
2.6597 2.6979 -5.7168 1.1650 298.7125 nan 
2018/6/19 14:55:49 
2.6597 2.6931 48.0468 1.1652 298.6500 9.0812 
2018/6/19 14:55:51 
2.6597 2.6931 48.0468 1.1652 298.6500 9.0812 
2018/6/19 14:55:52 
2.6597 2.6735 38.2717 1.1652 298.6500 8.1049 
2018/6/19 14:55:54 
2.6597 2.6784 57.8220 1.1652 298.6500 9.9622 
2018/6/19 14:55:56 
2.6597 2.6637 48.0468 1.1653 298.6500 9.0810 
2018/6/19 14:55:58 
2.6597 2.6735 38.2717 1.1652 298.6500 8.1049 
2018/6/19 14:56:0 
2.6597 2.6735 48.0468 1.1652 298.6500 9.0812 
2018/6/19 14:56:2 
2.6597 2.6833 18.7213 1.1650 298.7125 5.6691 
2018/6/19 14:56:3 
2.6597 2.6637 -5.7168 1.1652 298.6500 nan 
2018/6/19 14:56:5 
2.6597 2.6931 48.0468 1.1652 298.6500 9.0814 
2018/6/19 14:56:7 
2.6597 2.6931 -5.7168 1.1650 298.7125 nan 
2018/6/19 14:56:9 
2.6597 2.7273 18.7213 1.1650 298.7125 5.6692 
2018/6/19 14:56:11 
2.6597 2.6540 38.2717 1.1649 298.7125 8.1060 
2018/6/19 14:56:13 
2.6597 2.6686 43.1592 1.1649 298.7125 8.6081 
2018/6/19 14:56:14 
2.6597 2.7273 62.7096 1.1650 298.6500 10.3759 
2018/6/19 14:56:16 
2.6597 2.7028 43.1592 1.1652 298.6500 8.6071 
2018/6/19 14:56:18 
2.6597 2.7273 48.0468 1.1652 298.6500 9.0813 
2018/6/19 14:56:20 
2.6597 2.7028 77.3723 1.1652 298.6500 11.5240 
2018/6/19 14:56:22 
2.6597 2.6931 72.4847 1.1652 298.6500 11.1544 
2018/6/19 14:56:24 
2.6597 2.7322 67.5972 1.1654 298.5875 10.7707 
2018/6/19 14:56:25 
2.6597 2.7077 57.8220 1.1654 298.5875 9.9615 
2018/6/19 14:56:27 
2.6597 2.7273 18.7213 1.1654 298.5875 5.6682 
2018/6/19 14:56:29 
2.6597 2.6833 87.1475 1.1654 298.5875 12.2295 
2018/6/19 14:56:31 
2.6597 2.6931 43.1592 1.1654 298.5875 8.6062 
2018/6/19 14:56:33 
2.6597 2.6931 67.5972 1.1654 298.5875 10.7705 
2018/6/19 14:56:35 
2.6597 2.6882 62.7096 1.1654 298.5875 10.3739 
2018/6/19 14:56:36 
2.6597 2.7126 77.3723 1.1654 298.5875 11.5232 
2018/6/19 14:56:38 
2.6597 2.7322 62.7096 1.1654 298.5875 10.3740 
2018/6/19 14:56:40 
2.6597 2.7273 67.5972 1.1654 298.5875 10.7706 
2018/6/19 14:56:42 
2.6597 2.7517 72.4847 1.1654 298.5875 11.1531 
2018/6/19 14:56:44 
2.6597 2.7370 92.0351 1.1654 298.5875 12.5676 
2018/6/19 14:56:46 
2.6597 2.7273 43.1592 1.1655 298.5875 8.6060 
2018/6/19 14:56:47 
2.6597 2.7370 62.7096 1.1654 298.5875 10.3740 
2018/6/19 14:56:49 
2.6597 2.6931 43.1592 1.1653 298.5875 8.6064 
2018/6/19 14:56:51 
2.6597 2.7126 33.3841 1.1654 298.5875 7.5692 
2018/6/19 14:56:53 
2.6597 2.7077 72.4847 1.1653 298.5875 11.1536 
2018/6/19 14:56:55 
2.6597 2.7028 57.8220 1.1654 298.5875 9.9613 
2018/6/19 14:56:57 
2.6597 2.7517 62.7096 1.1654 298.5875 10.3739 
2018/6/19 14:56:58 
2.6597 2.7322 72.4847 1.1654 298.5875 11.1530 
2018/6/19 14:57:0 
2.6597 2.7468 33.3841 1.1654 298.5875 7.5692 
2018/6/19 14:57:2 
2.6597 2.7077 48.0468 1.1654 298.5875 9.0806 
2018/6/19 14:57:4 
2.6597 2.7273 87.1475 1.1654 298.5875 12.2294 
2018/6/19 14:57:6 
2.6597 2.6882 87.1475 1.1654 298.5875 12.2294 
2018/6/19 14:57:8 
2.6597 2.7419 52.9344 1.1654 298.5875 9.5313 
2018/6/19 14:57:10 
2.6597 2.6833 92.0351 1.1654 298.5875 12.5678 
2018/6/19 14:57:11 
2.6597 2.7126 72.4847 1.1653 298.5875 11.1538 
2018/6/19 14:57:13 
2.6597 2.7468 43.1592 1.1656 298.5250 8.6056 
2018/6/19 14:57:15 
2.6597 2.7126 43.1592 1.1656 298.5250 8.6055 
2018/6/19 14:57:17 
2.6597 2.7370 77.3723 1.1656 298.5250 11.5223 
2018/6/19 14:57:19 
2.6597 2.7077 131.1357 1.1657 298.5250 14.9999 
2018/6/19 14:57:20 
2.6597 2.7810 116.4730 1.1657 298.5250 14.1362 
2018/6/19 14:57:22 
2.6597 2.7370 67.5972 1.1654 298.5875 10.7705 
2018/6/19 14:57:24 
2.6597 2.7468 106.6978 1.1655 298.5875 13.5313 
2018/6/19 14:57:26 
2.6597 2.7224 87.1475 1.1655 298.5875 12.2290 
2018/6/19 14:57:28 
2.6597 2.7468 33.3841 1.1655 298.5875 7.5689 
2018/6/19 14:57:30 
2.6597 2.7468 62.7096 1.1654 298.5875 10.3739 
2018/6/19 14:57:31 
2.6597 2.7761 87.1475 1.1654 298.5875 12.2293 
2018/6/19 14:57:33 
2.6597 2.7468 72.4847 1.1654 298.5875 11.1532 
2018/6/19 14:57:35 
2.6597 2.7566 23.6089 1.1654 298.5875 6.3653 
2018/6/19 14:57:37 
2.6597 2.7273 62.7096 1.1654 298.5875 10.3740 
2018/6/19 14:57:39 
2.6597 2.7370 67.5972 1.1654 298.5875 10.7706 
2018/6/19 14:57:41 
2.6597 2.7273 67.5972 1.1657 298.5250 10.7695 
2018/6/19 14:57:42 
2.6597 2.7126 87.1475 1.1654 298.5875 12.2292 
2018/6/19 14:57:44 
2.6597 2.6735 13.8338 1.1654 298.5875 4.8724 
2018/6/19 14:57:46 
2.6597 2.6784 57.8220 1.1655 298.5875 9.9612 
2018/6/19 14:57:48 
2.6597 2.7370 72.4847 1.1655 298.5875 11.1528 
2018/6/19 14:57:50 
2.6597 2.6979 48.0468 1.1655 298.5875 9.0802 
2018/6/19 14:57:52 
2.6597 2.7028 72.4847 1.1654 298.5875 11.1532 
2018/6/19 14:57:53 
2.6597 2.7175 67.5972 1.1655 298.5875 10.7704 
2018/6/19 14:57:55 
2.6597 2.7175 87.1475 1.1654 298.5875 12.2292 
2018/6/19 14:57:57 
2.6597 2.7322 57.8220 1.1654 298.5875 9.9613 
2018/6/19 14:57:59 
2.6597 2.7126 33.3841 1.1654 298.5875 7.5692 
2018/6/19 14:58:1 
2.6597 2.7077 82.2599 1.1654 298.5875 11.8816 
2018/6/19 14:58:3 
2.6597 2.7077 38.2717 1.1654 298.5875 8.1041 
2018/6/19 14:58:4 
2.6597 2.7224 57.8220 1.1655 298.5875 9.9612 
2018/6/19 14:58:6 
2.6597 2.7175 62.7096 1.1654 298.5875 10.3738 
2018/6/19 14:58:8 
2.6597 2.7517 43.1592 1.1655 298.5875 8.6060 
2018/6/19 14:58:10 
2.6597 2.7273 92.0351 1.1655 298.5875 12.5671 
2018/6/19 14:58:12 
2.6597 2.7175 38.2717 1.1655 298.5875 8.1040 
2018/6/19 14:58:14 
2.6597 2.6833 77.3723 1.1655 298.5875 11.5228 
2018/6/19 14:58:15 
2.6597 2.6882 82.2599 1.1655 298.5875 11.8811 
2018/6/19 14:58:17 
2.6597 2.7566 57.8220 1.1655 298.5875 9.9611 
2018/6/19 14:58:19 
2.6597 2.7322 38.2717 1.1652 298.6500 8.1049 
2018/6/19 14:58:21 
2.6597 2.6979 82.2599 1.1655 298.5875 11.8811 
2018/6/19 14:58:23 
2.6597 2.7224 52.9344 1.1653 298.6500 9.5317 
2018/6/19 14:58:25 
2.6597 2.6979 8.9462 1.1655 298.5875 3.9182 
2018/6/19 14:58:26 
2.6597 2.7322 38.2717 1.1652 298.6500 8.1049 
2018/6/19 14:58:28 
2.6597 2.7468 33.3841 1.1653 298.6500 7.5696 
2018/6/19 14:58:30 
2.6597 2.7761 62.7096 1.1652 298.6500 10.3746 
2018/6/19 14:58:32 
2.6597 2.7517 57.8220 1.1653 298.6500 9.9620 
2018/6/19 14:58:34 
2.6597 2.7273 48.0468 1.1654 298.5875 9.0803 
2018/6/19 14:58:36 
2.6597 2.7224 82.2599 1.1652 298.6500 11.8823 
2018/6/19 14:58:37 
2.6597 2.6979 43.1592 1.1655 298.5875 8.6060 
2018/6/19 14:58:39 
2.6597 2.7370 106.6978 1.1652 298.6500 13.5329 
2018/6/19 14:58:41 
2.6597 2.7273 77.3723 1.1652 298.6500 11.5242 
2018/6/19 14:58:43 
2.6597 2.7028 52.9344 1.1651 298.6500 9.5322 
2018/6/19 14:58:45 
2.6597 2.7224 87.1475 1.1652 298.6500 12.2306 
2018/6/19 14:58:47 
2.6597 2.7126 43.1592 1.1652 298.6500 8.6068 
2018/6/19 14:58:48 
2.6597 2.7273 23.6089 1.1653 298.6500 6.3656 
2018/6/19 14:58:50 
2.6597 2.7419 28.4965 1.1652 298.6500 6.9937 
2018/6/19 14:58:52 
2.6597 2.7566 52.9344 1.1652 298.6500 9.5320 
2018/6/19 14:58:54 
2.6597 2.7224 96.9226 1.1652 298.6500 12.8982 
2018/6/19 14:58:56 
2.6597 2.6931 43.1592 1.1652 298.6500 8.6070 
2018/6/19 14:58:58 
2.6597 2.6931 57.8220 1.1652 298.6500 9.9623 
2018/6/19 14:58:59 
2.6597 2.6931 62.7096 1.1652 298.6500 10.3748 
2018/6/19 14:59:1 
2.6597 2.7028 62.7096 1.1649 298.7125 10.3761 
2018/6/19 14:59:3 
2.6597 2.7273 72.4847 1.1650 298.7125 11.1553 
2018/6/19 14:59:5 
2.6597 2.7175 62.7096 1.1650 298.7125 10.3757 
2018/6/19 14:59:7 
2.6597 2.7322 48.0468 1.1650 298.7125 9.0819 
2018/6/19 14:59:9 
2.6597 2.7175 48.0468 1.1650 298.7125 9.0820 
2018/6/19 14:59:10 
2.6597 2.7468 82.2599 1.1650 298.7125 11.8835 
2018/6/19 14:59:12 
2.6597 2.6931 23.6089 1.1650 298.7125 6.3662 
2018/6/19 14:59:14 
2.6597 2.7419 57.8220 1.1653 298.6500 9.9621 
2018/6/19 14:59:16 
2.6597 2.7175 -5.7168 1.1653 298.6500 nan 
2018/6/19 14:59:18 
2.6597 2.7077 57.8220 1.1653 298.6500 9.9619 
2018/6/19 14:59:20 
2.6597 2.7028 67.5972 1.1653 298.6500 10.7712 
2018/6/19 14:59:21 
2.6597 2.7370 96.9226 1.1653 298.6500 12.8977 
2018/6/19 14:59:23 
2.6597 2.7126 52.9344 1.1653 298.6500 9.5314 
2018/6/19 14:59:25 
2.6597 2.7517 48.0468 1.1652 298.6500 9.0812 
2018/6/19 14:59:27 
2.6597 2.7175 48.0468 1.1653 298.6500 9.0809 
2018/6/19 14:59:29 
2.6597 2.7419 28.4965 1.1653 298.6500 6.9935 
2018/6/19 14:59:31 
2.6597 2.7273 62.7096 1.1653 298.6500 10.3745 
2018/6/19 14:59:32 
2.6597 2.7077 77.3723 1.1653 298.6500 11.5237 
2018/6/19 14:59:34 
2.6597 2.6833 87.1475 1.1653 298.6500 12.2301 
2018/6/19 14:59:36 
2.6597 2.7224 38.2717 1.1655 298.5875 8.1040 
2018/6/19 14:59:38 
2.6597 2.7273 82.2599 1.1655 298.5875 11.8812 
2018/6/19 14:59:40 
2.6597 2.7468 48.0468 1.1655 298.5875 9.0800 
2018/6/19 14:59:42 
2.6597 2.7566 67.5972 1.1655 298.5875 10.7702 
2018/6/19 14:59:43 
2.6597 2.7224 92.0351 1.1655 298.5875 12.5670 
2018/6/19 14:59:45 
2.6597 2.7566 33.3841 1.1655 298.5875 7.5689 
2018/6/19 14:59:47 
2.6597 2.7468 62.7096 1.1653 298.6500 10.3745 
2018/6/19 14:59:49 
2.6597 2.7224 38.2717 1.1655 298.5875 8.1040 
2018/6/19 14:59:51 
2.6597 2.7273 96.9226 1.1654 298.5875 12.8968 
2018/6/19 14:59:53 
2.6597 2.7273 38.2717 1.1655 298.5875 8.1041 
2018/6/19 14:59:54 
2.6597 2.7175 77.3723 1.1655 298.5875 11.5228 
2018/6/19 14:59:56 
2.6597 2.6882 38.2717 1.1655 298.5875 8.1040 
2018/6/19 14:59:58 
2.6597 2.7517 52.9344 1.1655 298.5875 9.5307 
2018/6/19 15:0:0 
2.6597 2.7273 57.8220 1.1655 298.5875 9.9610 
2018/6/19 15:0:2 
2.6597 2.6833 48.0468 1.1655 298.5875 9.0800 
2018/6/19 15:0:4 
2.6597 2.6931 62.7096 1.1655 298.5875 10.3734 
2018/6/19 15:0:5 
2.6597 2.7322 77.3723 1.1655 298.5875 11.5226 
2018/6/19 15:0:7 
2.6597 2.7370 48.0468 1.1655 298.5875 9.0800 
2018/6/19 15:0:9 
2.6597 2.7273 77.3723 1.1655 298.5875 11.5225 
2018/6/19 15:0:11 
2.6597 2.7077 48.0468 1.1655 298.5875 9.0800 
2018/6/19 15:0:13 
2.6597 2.6784 62.7096 1.1655 298.5875 10.3734 
2018/6/19 15:0:15 
2.6597 2.7419 72.4847 1.1657 298.5250 11.1518 
2018/6/19 15:0:16 
2.6597 2.7566 52.9344 1.1657 298.5250 9.5299 
2018/6/19 15:0:18 
2.6597 2.7419 72.4847 1.1655 298.5875 11.1528 
2018/6/19 15:0:20 
2.6597 2.7517 52.9344 1.1657 298.5250 9.5299 
2018/6/19 15:0:22 
2.6597 2.7273 43.1592 1.1658 298.5250 8.6049 
2018/6/19 15:0:24 
2.6597 2.7370 28.4965 1.1657 298.5250 6.9922 
2018/6/19 15:0:26 
2.6597 2.7322 48.0468 1.1658 298.5250 9.0790 
2018/6/19 15:0:27 
2.6597 2.6882 62.7096 1.1658 298.5250 10.3723 
2018/6/19 15:0:29 
2.6597 2.7077 48.0468 1.1657 298.5250 9.0793 
2018/6/19 15:0:31 
2.6597 2.7273 77.3723 1.1658 298.5250 11.5213 
2018/6/19 15:0:33 
2.6597 2.6931 62.7096 1.1658 298.5250 10.3722 
2018/6/19 15:0:35 
2.6597 2.7273 67.5972 1.1658 298.5250 10.7689 
2018/6/19 15:0:36 
2.6597 2.7370 52.9344 1.1658 298.5250 9.5296 
2018/6/19 15:0:38 
2.6597 2.7322 43.1592 1.1658 298.5250 8.6048 
2018/6/19 15:0:40 
2.6597 2.7273 52.9344 1.1658 298.5250 9.5297 
2018/6/19 15:0:42 
2.6597 2.7322 18.7213 1.1657 298.5250 5.6674 
2018/6/19 15:0:44 
2.6597 2.7322 48.0468 1.1658 298.5250 9.0790 
2018/6/19 15:0:46 
2.6597 2.7517 82.2599 1.1656 298.5875 11.8807 
2018/6/19 15:0:48 
2.6597 2.7468 52.9344 1.1658 298.5250 9.5297 
2018/6/19 15:0:49 
2.6597 2.7566 96.9226 1.1657 298.5250 12.8953 
2018/6/19 15:0:51 
2.6597 2.7419 72.4847 1.1657 298.5250 11.1516 
2018/6/19 15:0:53 
2.6597 2.7126 72.4847 1.1658 298.5250 11.1515 
2018/6/19 15:0:55 
2.6597 2.6979 82.2599 1.1657 298.5250 11.8798 
2018/6/19 15:0:57 
2.6597 2.7566 67.5972 1.1658 298.5250 10.7690 
2018/6/19 15:0:58 
2.6597 2.7175 48.0468 1.1655 298.5875 9.0800 
2018/6/19 15:1:0 
2.6597 2.6882 57.8220 1.1655 298.5875 9.9609 
2018/6/19 15:1:2 
2.6597 2.7273 101.8102 1.1657 298.5250 13.2164 
2018/6/19 15:1:4 
2.6597 2.7615 67.5972 1.1656 298.5875 10.7698 
2018/6/19 15:1:6 
2.6597 2.7419 62.7096 1.1655 298.5875 10.3734 
2018/6/19 15:1:8 
2.6597 2.7126 77.3723 1.1655 298.5875 11.5225 
2018/6/19 15:1:9 
2.6597 2.7419 67.5972 1.1656 298.5875 10.7698 
2018/6/19 15:1:11 
2.6597 2.7517 33.3841 1.1657 298.5250 7.5681 
2018/6/19 15:1:13 
2.6597 2.7028 38.2717 1.1655 298.5875 8.1039 
2018/6/19 15:1:15 
2.6597 2.6979 48.0468 1.1655 298.5875 9.0799 
2018/6/19 15:1:17 
2.6597 2.7077 106.6978 1.1658 298.5250 13.5297 
2018/6/19 15:1:19 
2.6597 2.7468 48.0468 1.1658 298.5250 9.0791 
2018/6/19 15:1:20 
2.6597 2.7517 52.9344 1.1655 298.5875 9.5306 
2018/6/19 15:1:22 
2.6597 2.7077 33.3841 1.1658 298.5250 7.5680 
2018/6/19 15:1:24 
2.6597 2.7664 77.3723 1.1656 298.5875 11.5223 
2018/6/19 15:1:26 
2.6597 2.6979 92.0351 1.1657 298.5250 12.5659 
2018/6/19 15:1:28 
2.6597 2.7224 101.8102 1.1655 298.5875 13.2177 
2018/6/19 15:1:30 
2.6597 2.7615 52.9344 1.1658 298.5250 9.5297 
2018/6/19 15:1:31 
2.6597 2.7370 57.8220 1.1658 298.5250 9.9599 
2018/6/19 15:1:33 
2.6597 2.6931 116.4730 1.1658 298.5250 14.1359 
2018/6/19 15:1:35 
2.6597 2.6931 101.8102 1.1658 298.5250 13.2160 
2018/6/19 15:1:37 
2.6597 2.7224 57.8220 1.1658 298.5250 9.9596 
2018/6/19 15:1:39 
2.6597 2.7126 48.0468 1.1659 298.5250 9.0787 
2018/6/19 15:1:41 
2.6597 2.7615 67.5972 1.1656 298.5875 10.7697 
2018/6/19 15:1:42 
2.6597 2.7126 43.1592 1.1656 298.5875 8.6054 
2018/6/19 15:1:44 
2.6597 2.7175 43.1592 1.1657 298.5875 8.6053 
2018/6/19 15:1:46 
2.6597 2.7175 72.4847 1.1657 298.5875 11.1520 
2018/6/19 15:1:48 
2.6597 2.7322 72.4847 1.1656 298.5875 11.1520 
2018/6/19 15:1:50 
2.6597 2.7566 72.4847 1.1657 298.5875 11.1520 
2018/6/19 15:1:52 
2.6597 2.7370 38.2717 1.1656 298.5875 8.1035 
2018/6/19 15:1:53 
2.6597 2.7419 62.7096 1.1656 298.5875 10.3728 
2018/6/19 15:1:55 
2.6597 2.6784 62.7096 1.1656 298.5875 10.3730 
2018/6/19 15:1:57 
2.6597 2.7468 67.5972 1.1656 298.5875 10.7697 
2018/6/19 15:1:59 
2.6597 2.7077 48.0468 1.1656 298.5875 9.0798 
2018/6/19 15:2:1 
2.6597 2.7028 111.5854 1.1656 298.5875 13.8369 
2018/6/19 15:2:3 
2.6597 2.7419 48.0468 1.1656 298.5875 9.0797 
2018/6/19 15:2:4 
2.6597 2.7370 82.2599 1.1656 298.5875 11.8806 
2018/6/19 15:2:6 
2.6597 2.7175 77.3723 1.1656 298.5875 11.5222 
2018/6/19 15:2:8 
2.6597 2.7370 57.8220 1.1656 298.5875 9.9608 
2018/6/19 15:2:10 
2.6597 2.7175 72.4847 1.1656 298.5875 11.1523 
2018/6/19 15:2:12 
2.6597 2.7175 82.2599 1.1656 298.5875 11.8807 
2018/6/19 15:2:14 
2.6597 2.7566 57.8220 1.1656 298.5875 9.9607 
2018/6/19 15:2:15 
2.6597 2.7028 57.8220 1.1656 298.5875 9.9607 
2018/6/19 15:2:17 
2.6597 2.6882 96.9226 1.1656 298.5875 12.8962 
2018/6/19 15:2:19 
2.6597 2.7370 38.2717 1.1655 298.5875 8.1039 
2018/6/19 15:2:21 
2.6597 2.6784 38.2717 1.1656 298.5875 8.1037 
2018/6/19 15:2:23 
2.6597 2.7224 72.4847 1.1656 298.5875 11.1523 
2018/6/19 15:2:25 
2.6597 2.7517 38.2717 1.1656 298.5875 8.1036 
2018/6/19 15:2:26 
2.6597 2.7175 57.8220 1.1658 298.5250 9.9599 
2018/6/19 15:2:28 
2.6597 2.7224 48.0468 1.1655 298.5875 9.0800 
2018/6/19 15:2:30 
2.6597 2.7077 67.5972 1.1657 298.5250 10.7691 
2018/6/19 15:2:32 
2.6597 2.7224 52.9344 1.1658 298.5250 9.5297 
2018/6/19 15:2:34 
2.6597 2.6833 92.0351 1.1655 298.5875 12.5670 
2018/6/19 15:2:36 
2.6597 2.7517 48.0468 1.1655 298.5875 9.0801 
2018/6/19 15:2:37 
2.6597 2.7175 23.6089 1.1655 298.5875 6.3651 
2018/6/19 15:2:39 
2.6597 2.6735 52.9344 1.1655 298.5875 9.5306 
2018/6/19 15:2:41 
2.6597 2.7761 52.9344 1.1655 298.5875 9.5307 
2018/6/19 15:2:43 
2.6597 2.7028 106.6978 1.1655 298.5875 13.5310 
2018/6/19 15:2:45 
2.6597 2.7028 23.6089 1.1657 298.5250 6.3643 
2018/6/19 15:2:47 
2.6597 2.7028 18.7213 1.1657 298.5250 5.6674 
2018/6/19 15:2:48 
2.6597 2.7126 28.4965 1.1657 298.5250 6.9922 
2018/6/19 15:2:50 
2.6597 2.7077 62.7096 1.1655 298.5875 10.3734 
2018/6/19 15:2:52 
2.6597 2.7322 52.9344 1.1655 298.5875 9.5306 
2018/6/19 15:2:54 
2.6597 2.6979 8.9462 1.1658 298.5250 3.9177 
2018/6/19 15:2:56 
2.6597 2.7273 43.1592 1.1658 298.5250 8.6048 
2018/6/19 15:2:58 
2.6597 2.7126 28.4965 1.1658 298.5250 6.9920 
2018/6/19 15:2:59 
2.6597 2.7468 28.4965 1.1658 298.5250 6.9921 
2018/6/19 15:3:1 
2.6597 2.7370 52.9344 1.1656 298.5875 9.5304 
2018/6/19 15:3:3 
2.6597 2.7028 72.4847 1.1658 298.5250 11.1514 
2018/6/19 15:3:5 
2.6597 2.6784 87.1475 1.1657 298.5250 12.2277 
2018/6/19 15:3:7 
2.6597 2.7322 57.8220 1.1657 298.5250 9.9600 
2018/6/19 15:3:9 
2.6597 2.6979 33.3841 1.1657 298.5250 7.5680 
2018/6/19 15:3:10 
2.6597 2.7273 62.7096 1.1656 298.5875 10.3733 
2018/6/19 15:3:12 
2.6597 2.7175 38.2717 1.1655 298.5875 8.1038 
2018/6/19 15:3:14 
2.6597 2.7273 62.7096 1.1656 298.5875 10.3732 
2018/6/19 15:3:16 
2.6597 2.7615 72.4847 1.1656 298.5875 11.1525 
2018/6/19 15:3:18 
2.6597 2.7273 33.3841 1.1658 298.5250 7.5680 
2018/6/19 15:3:20 
2.6597 2.7175 48.0468 1.1657 298.5250 9.0792 
2018/6/19 15:3:21 
2.6597 2.7224 28.4965 1.1658 298.5250 6.9920 
2018/6/19 15:3:23 
2.6597 2.7224 72.4847 1.1655 298.5875 11.1526 
2018/6/19 15:3:25 
2.6597 2.6882 96.9226 1.1657 298.5250 12.8953 
2018/6/19 15:3:27 
2.6597 2.7224 62.7096 1.1657 298.5250 10.3725 
2018/6/19 15:3:29 
2.6597 2.7077 101.8102 1.1657 298.5250 13.2164 
2018/6/19 15:3:31 
2.6597 2.7126 72.4847 1.1657 298.5250 11.1516 
2018/6/19 15:3:32 
2.6597 2.7322 106.6978 1.1657 298.5250 13.5298 
2018/6/19 15:3:34 
2.6597 2.7126 48.0468 1.1657 298.5250 9.0792 
2018/6/19 15:3:36 
2.6597 2.7468 57.8220 1.1657 298.5250 9.9600 
2018/6/19 15:3:38 
2.6597 2.7713 96.9226 1.1657 298.5250 12.8955 
2018/6/19 15:3:40 
2.6597 2.7419 33.3841 1.1656 298.5250 7.5684 
2018/6/19 15:3:42 
2.6597 2.7175 48.0468 1.1657 298.5250 9.0794 
2018/6/19 15:3:43 
2.6597 2.7224 62.7096 1.1657 298.5250 10.3726 
2018/6/19 15:3:45 
2.6597 2.7566 28.4965 1.1657 298.5250 6.9923 
2018/6/19 15:3:47 
2.6597 2.7419 38.2717 1.1656 298.5250 8.1034 
2018/6/19 15:3:49 
2.6597 2.7028 52.9344 1.1656 298.5250 9.5302 
2018/6/19 15:3:51 
2.6597 2.7077 23.6089 1.1657 298.5250 6.3645 
2018/6/19 15:3:53 
2.6597 2.7517 87.1475 1.1659 298.4625 12.2268 
2018/6/19 15:3:54 
2.6597 2.7126 43.1592 1.1657 298.5250 8.6053 
2018/6/19 15:3:56 
2.6597 2.7126 52.9344 1.1657 298.5250 9.5301 
2018/6/19 15:3:58 
2.6597 2.7077 62.7096 1.1659 298.4625 10.3718 
2018/6/19 15:4:0 
2.6597 2.7419 77.3723 1.1657 298.5250 11.5216 
2018/6/19 15:4:2 
2.6597 2.7028 43.1592 1.1657 298.5250 8.6051 
2018/6/19 15:4:3 
2.6597 2.7175 57.8220 1.1657 298.5250 9.9602 
2018/6/19 15:4:5 
2.6597 2.7273 62.7096 1.1657 298.5250 10.3727 
2018/6/19 15:4:7 
2.6597 2.7126 82.2599 1.1657 298.5250 11.8800 
2018/6/19 15:4:9 
2.6597 2.7077 72.4847 1.1657 298.5250 11.1519 
2018/6/19 15:4:11 
2.6597 2.7517 62.7096 1.1656 298.5250 10.3729 
2018/6/19 15:4:13 
2.6597 2.7028 87.1475 1.1657 298.5250 12.2279 
2018/6/19 15:4:14 
2.6597 2.7224 101.8102 1.1657 298.5250 13.2166 
2018/6/19 15:4:16 
2.6597 2.7175 87.1475 1.1657 298.5250 12.2277 
2018/6/19 15:4:18 
2.6597 2.7322 77.3723 1.1657 298.5250 11.5218 
2018/6/19 15:4:20 
2.6597 2.7370 62.7096 1.1656 298.5250 10.3729 
2018/6/19 15:4:22 
2.6597 2.7224 52.9344 1.1654 298.5875 9.5310 
2018/6/19 15:4:24 
2.6597 2.7126 33.3841 1.1657 298.5250 7.5682 
2018/6/19 15:4:25 
2.6597 2.7224 77.3723 1.1657 298.5250 11.5217 
2018/6/19 15:4:27 
2.6597 2.7322 96.9226 1.1656 298.5250 12.8957 
2018/6/19 15:4:29 
2.6597 2.6735 62.7096 1.1657 298.5250 10.3727 
2018/6/19 15:4:31 
2.6597 2.7126 43.1592 1.1657 298.5250 8.6053 
2018/6/19 15:4:33 
2.6597 2.6931 33.3841 1.1657 298.5250 7.5681 
2018/6/19 15:4:35 
2.6597 2.7468 52.9344 1.1657 298.5250 9.5299 
2018/6/19 15:4:36 
2.6597 2.7224 52.9344 1.1659 298.4625 9.5292 
2018/6/19 15:4:38 
2.6597 2.7566 48.0468 1.1657 298.5250 9.0794 
2018/6/19 15:4:40 
2.6597 2.7028 57.8220 1.1657 298.5250 9.9602 
2018/6/19 15:4:42 
2.6597 2.6833 52.9344 1.1657 298.5250 9.5299 
2018/6/19 15:4:44 
2.6597 2.7664 92.0351 1.1659 298.4625 12.5652 
2018/6/19 15:4:46 
2.6597 2.7517 77.3723 1.1658 298.4625 11.5210 
2018/6/19 15:4:48 
2.6597 2.7077 92.0351 1.1659 298.4625 12.5652 
2018/6/19 15:4:49 
2.6597 2.7322 18.7213 1.1659 298.4625 5.6671 
2018/6/19 15:4:51 
2.6597 2.7077 43.1592 1.1659 298.4625 8.6046 
2018/6/19 15:4:53 
2.6597 2.7322 72.4847 1.1659 298.4625 11.1510 
2018/6/19 15:4:55 
2.6597 2.7370 28.4965 1.1661 298.4000 6.9911 
2018/6/19 15:4:57 
2.6597 2.7273 67.5972 1.1661 298.4000 10.7675 
2018/6/19 15:4:59 
2.6597 2.7077 33.3841 1.1661 298.4000 7.5670 
2018/6/19 15:5:0 
2.6597 2.7322 43.1592 1.1661 298.4000 8.6037 
2018/6/19 15:5:2 
2.6597 2.7224 62.7096 1.1659 298.4625 10.3718 
2018/6/19 15:5:4 
2.6597 2.7175 87.1475 1.1659 298.4625 12.2267 
2018/6/19 15:5:6 
2.6597 2.7028 72.4847 1.1661 298.4000 11.1501 
2018/6/19 15:5:8 
2.6597 2.6882 33.3841 1.1661 298.4000 7.5668 
2018/6/19 15:5:10 
2.6597 2.7126 48.0468 1.1659 298.4625 9.0785 
2018/6/19 15:5:11 
2.6597 2.6931 23.6089 1.1659 298.4625 6.3638 
2018/6/19 15:5:13 
2.6597 2.7322 77.3723 1.1659 298.4625 11.5207 
2018/6/19 15:5:15 
2.6597 2.7175 48.0468 1.1661 298.4000 9.0778 
2018/6/19 15:5:17 
2.6597 2.7175 72.4847 1.1661 298.4000 11.1499 
2018/6/19 15:5:19 
2.6597 2.7224 77.3723 1.1661 298.4000 11.5195 
2018/6/19 15:5:21 
2.6597 2.6833 87.1475 1.1661 298.4000 12.2256 
2018/6/19 15:5:22 
2.6597 2.7322 33.3841 1.1662 298.4000 7.5667 
2018/6/19 15:5:24 
2.6597 2.7126 28.4965 1.1662 298.4000 6.9908 
2018/6/19 15:5:26 
2.6597 2.7126 13.8338 1.1661 298.4000 4.8710 
2018/6/19 15:5:28 
2.6597 2.7273 82.2599 1.1662 298.4000 11.8775 
2018/6/19 15:5:30 
2.6597 2.7126 57.8220 1.1661 298.4000 9.9583 
2018/6/19 15:5:32 
2.6597 2.7273 77.3723 1.1661 298.4000 11.5195 
2018/6/19 15:5:33 
2.6597 2.7028 67.5972 1.1661 298.4000 10.7673 
2018/6/19 15:5:35 
2.6597 2.7273 62.7096 1.1661 298.4000 10.3709 
2018/6/19 15:5:37 
2.6597 2.7419 82.2599 1.1661 298.4000 11.8781 
2018/6/19 15:5:39 
2.6597 2.7028 67.5972 1.1661 298.4000 10.7675 
2018/6/19 15:5:41 
2.6597 2.7077 43.1592 1.1661 298.4000 8.6037 
2018/6/19 15:5:43 
2.6597 2.7175 67.5972 1.1661 298.4000 10.7673 
2018/6/19 15:5:44 
2.6597 2.7419 43.1592 1.1661 298.4000 8.6036 
2018/6/19 15:5:46 
2.6597 2.7028 96.9226 1.1661 298.4000 12.8930 
2018/6/19 15:5:48 
2.6597 2.7224 82.2599 1.1661 298.4000 11.8779 
2018/6/19 15:5:50 
2.6597 2.7224 57.8220 1.1660 298.4000 9.9588 
2018/6/19 15:5:52 
2.6597 2.7370 96.9226 1.1661 298.4000 12.8932 
2018/6/19 15:5:54 
2.6597 2.6979 72.4847 1.1661 298.4000 11.1499 
2018/6/19 15:5:55 
2.6597 2.6979 38.2717 1.1661 298.4000 8.1020 
2018/6/19 15:5:57 
2.6597 2.7566 101.8102 1.1661 298.4000 13.2145 
2018/6/19 15:5:59 
2.6597 2.7224 72.4847 1.1661 298.4000 11.1500 
2018/6/19 15:6:1 
2.6597 2.7224 13.8338 1.1661 298.4000 4.8710 
2018/6/19 15:6:3 
2.6597 2.7419 72.4847 1.1661 298.4000 11.1499 
2018/6/19 15:6:5 
2.6597 2.7077 72.4847 1.1661 298.4000 11.1499 
2018/6/19 15:6:6 
2.6597 2.7273 121.3605 1.1661 298.4000 14.4272 
2018/6/19 15:6:8 
2.6597 2.7126 23.6089 1.1661 298.4000 6.3634 
2018/6/19 15:6:10 
2.6597 2.7273 67.5972 1.1661 298.4000 10.7673 
2018/6/19 15:6:12 
2.6597 2.7126 57.8220 1.1661 298.4000 9.9584 
2018/6/19 15:6:14 
2.6597 2.6979 62.7096 1.1661 298.4000 10.3707 
2018/6/19 15:6:16 
2.6597 2.7224 62.7096 1.1661 298.4000 10.3709 
2018/6/19 15:6:17 
2.6597 2.6637 23.6089 1.1661 298.4000 6.3635 
2018/6/19 15:6:19 
2.6597 2.6931 8.9462 1.1661 298.4000 3.9171 
2018/6/19 15:6:21 
2.6597 2.6979 4.0586 1.1661 298.4000 2.6384 
2018/6/19 15:6:23 
2.6597 2.6735 18.7213 1.1660 298.4000 5.6667 
2018/6/19 15:6:25 
2.6597 2.6979 28.4965 1.1661 298.4000 6.9912 
2018/6/19 15:6:27 
2.6597 2.6637 28.4965 1.1661 298.4000 6.9911 
2018/6/19 15:6:28 
2.6597 2.6979 -20.3795 1.1661 298.4000 nan 
2018/6/19 15:6:30 
2.6597 2.6686 28.4965 1.1661 298.4000 6.9911 
2018/6/19 15:6:32 
2.6597 2.7273 38.2717 1.1661 298.4000 8.1018 
2018/6/19 15:6:34 
2.6597 2.7224 38.2717 1.1660 298.4000 8.1021 
2018/6/19 15:6:36 
2.6597 2.7126 57.8220 1.1661 298.4000 9.9584 
2018/6/19 15:6:38 
2.6597 2.6442 13.8338 1.1661 298.4000 4.8709 
2018/6/19 15:6:39 
2.6597 2.7224 52.9344 1.1660 298.4000 9.5285 
2018/6/19 15:6:41 
2.6597 2.7077 28.4965 1.1661 298.4000 6.9911 
2018/6/19 15:6:43 
2.6597 2.6833 28.4965 1.1661 298.4000 6.9911 
2018/6/19 15:6:45 
2.6597 2.7028 57.8220 1.1661 298.4000 9.9586 
2018/6/19 15:6:47 
2.6597 2.6833 52.9344 1.1661 298.4000 9.5282 
2018/6/19 15:6:49 
2.6597 2.7028 18.7213 1.1661 298.4000 5.6665 
2018/6/19 15:6:50 
2.6597 2.6931 38.2717 1.1661 298.4000 8.1019 
2018/6/19 15:6:52 
2.6597 2.6784 96.9226 1.1661 298.4000 12.8932 
2018/6/19 15:6:54 
2.6597 2.6979 62.7096 1.1661 298.4000 10.3708 
2018/6/19 15:6:56 
2.6597 2.7028 62.7096 1.1662 298.4000 10.3705 
2018/6/19 15:6:58 
2.6597 2.7028 62.7096 1.1661 298.4000 10.3710 
2018/6/19 15:7:0 
2.6597 2.7175 62.7096 1.1661 298.4000 10.3709 
2018/6/19 15:7:1 
2.6597 2.6979 23.6089 1.1661 298.4000 6.3633 
2018/6/19 15:7:3 
2.6597 2.7077 52.9344 1.1661 298.4000 9.5283 
2018/6/19 15:7:5 
2.6597 2.7224 57.8220 1.1661 298.4000 9.9583 
2018/6/19 15:7:7 
2.6597 2.7273 48.0468 1.1661 298.4000 9.0778 
2018/6/19 15:7:9 
2.6597 2.6882 62.7096 1.1661 298.4000 10.3707 
2018/6/19 15:7:10 
2.6597 2.7175 4.0586 1.1661 298.4000 2.6383 
2018/6/19 15:7:12 
2.6597 2.6735 48.0468 1.1661 298.4000 9.0778 
2018/6/19 15:7:14 
2.6597 2.6686 43.1592 1.1661 298.4000 8.6036 
2018/6/19 15:7:16 
2.6597 2.6442 33.3841 1.1661 298.4000 7.5669 
2018/6/19 15:7:18 
2.6597 2.6833 23.6089 1.1661 298.4000 6.3633 
2018/6/19 15:7:20 
2.6597 2.6588 18.7213 1.1662 298.4000 5.6664 
2018/6/19 15:7:21 
2.6597 2.6882 33.3841 1.1661 298.4000 7.5668 
2018/6/19 15:7:23 
2.6597 2.6784 43.1592 1.1661 298.4000 8.6036 
2018/6/19 15:7:25 
2.6597 2.6833 48.0468 1.1661 298.4000 9.0777 
2018/6/19 15:7:27 
2.6597 2.7517 28.4965 1.1661 298.4000 6.9910 
2018/6/19 15:7:29 
2.6597 2.6491 67.5972 1.1661 298.4000 10.7674 
2018/6/19 15:7:31 
2.6597 2.6931 77.3723 1.1659 298.4625 11.5205 
2018/6/19 15:7:32 
2.6597 2.6491 28.4965 1.1661 298.4000 6.9909 
2018/6/19 15:7:34 
2.6597 2.7028 33.3841 1.1661 298.4000 7.5668 
2018/6/19 15:7:36 
2.6597 2.6540 33.3841 1.1659 298.4625 7.5674 
2018/6/19 15:7:38 
2.6597 2.6686 43.1592 1.1659 298.4625 8.6043 
2018/6/19 15:7:40 
2.6597 2.7028 28.4965 1.1661 298.4000 6.9910 
2018/6/19 15:7:42 
2.6597 2.6833 38.2717 1.1661 298.4000 8.1019 
2018/6/19 15:7:43 
2.6597 2.7077 52.9344 1.1659 298.4625 9.5293 
2018/6/19 15:7:45 
2.6597 2.6784 62.7096 1.1661 298.4000 10.3709 
2018/6/19 15:7:47 
2.6597 2.6833 52.9344 1.1659 298.4625 9.5291 
2018/6/19 15:7:49 
2.6597 2.6784 67.5972 1.1659 298.4625 10.7683 
2018/6/19 15:7:51 
2.6597 2.7126 33.3841 1.1659 298.4625 7.5676 
2018/6/19 15:7:53 
2.6597 2.6882 52.9344 1.1661 298.4000 9.5284 
2018/6/19 15:7:54 
2.6597 2.6735 38.2717 1.1659 298.4625 8.1027 
2018/6/19 15:7:56 
2.6597 2.7028 18.7213 1.1659 298.4625 5.6671 
2018/6/19 15:7:58 
2.6597 2.6882 67.5972 1.1659 298.4625 10.7684 
2018/6/19 15:8:0 
2.6597 2.6882 -5.7168 1.1658 298.4625 nan 
2018/6/19 15:8:2 
2.6597 2.6979 23.6089 1.1658 298.4625 6.3641 
2018/6/19 15:8:4 
2.6597 2.6931 23.6089 1.1658 298.4625 6.3641 
2018/6/19 15:8:5 
2.6597 2.7028 33.3841 1.1658 298.4625 7.5678 
2018/6/19 15:8:7 
2.6597 2.7028 52.9344 1.1658 298.4625 9.5293 
2018/6/19 15:8:9 
2.6597 2.6979 77.3723 1.1659 298.4625 11.5208 
2018/6/19 15:8:11 
2.6597 2.7126 13.8338 1.1658 298.4625 4.8715 
2018/6/19 15:8:13 
2.6597 2.6833 62.7096 1.1659 298.4625 10.3718 
2018/6/19 15:8:15 
2.6597 2.6833 52.9344 1.1659 298.4625 9.5293 
2018/6/19 15:8:16 
2.6597 2.7028 13.8338 1.1658 298.4625 4.8716 
2018/6/19 15:8:18 
2.6597 2.7077 57.8220 1.1658 298.4625 9.9596 
2018/6/19 15:8:20 
2.6597 2.6979 23.6089 1.1659 298.4625 6.3639 
2018/6/19 15:8:22 
2.6597 2.6979 87.1475 1.1659 298.4625 12.2270 
2018/6/19 15:8:24 
2.6597 2.6882 48.0468 1.1659 298.4625 9.0787 
2018/6/19 15:8:26 
2.6597 2.6686 38.2717 1.1659 298.4625 8.1027 
2018/6/19 15:8:27 
2.6597 2.6735 38.2717 1.1659 298.4625 8.1027 
2018/6/19 15:8:29 
2.6597 2.7126 72.4847 1.1659 298.4625 11.1507 
2018/6/19 15:8:31 
2.6597 2.7126 33.3841 1.1657 298.5250 7.5682 
2018/6/19 15:8:33 
2.6597 2.7224 18.7213 1.1657 298.5250 5.6675 
2018/6/19 15:8:35 
2.6597 2.6784 18.7213 1.1657 298.5250 5.6675 
2018/6/19 15:8:37 
2.6597 2.6686 28.4965 1.1657 298.5250 6.9923 
2018/6/19 15:8:38 
2.6597 2.7273 33.3841 1.1656 298.5250 7.5685 
2018/6/19 15:8:40 
2.6597 2.7370 38.2717 1.1657 298.5250 8.1034 
2018/6/19 15:8:42 
2.6597 2.7077 38.2717 1.1656 298.5250 8.1035 
2018/6/19 15:8:44 
2.6597 2.7077 -5.7168 1.1657 298.5250 nan 
2018/6/19 15:8:46 
2.6597 2.6931 43.1592 1.1657 298.5250 8.6053 
2018/6/19 15:8:48 
2.6597 2.7224 67.5972 1.1656 298.5250 10.7696 
2018/6/19 15:8:49 
2.6597 2.6882 -0.8290 1.1656 298.5250 nan 
2018/6/19 15:8:51 
2.6597 2.6833 18.7213 1.1656 298.5250 5.6676 
2018/6/19 15:8:53 
2.6597 2.6784 33.3841 1.1659 298.4625 7.5676 
2018/6/19 15:8:55 
2.6597 2.6637 48.0468 1.1657 298.5250 9.0794 
2018/6/19 15:8:57 
2.6597 2.6979 43.1592 1.1659 298.4625 8.6045 
2018/6/19 15:8:59 
2.6597 2.7224 57.8220 1.1659 298.4625 9.9594 
2018/6/19 15:9:0 
2.6597 2.7028 62.7096 1.1659 298.4625 10.3719 
2018/6/19 15:9:2 
2.6597 2.6882 28.4965 1.1659 298.4625 6.9918 
2018/6/19 15:9:4 
2.6597 2.7028 62.7096 1.1659 298.4625 10.3719 
2018/6/19 15:9:6 
2.6597 2.6979 8.9462 1.1658 298.4625 3.9175 
2018/6/19 15:9:8 
2.6597 2.6686 48.0468 1.1659 298.4625 9.0787 
2018/6/19 15:9:10 
2.6597 2.7126 28.4965 1.1658 298.4625 6.9919 
2018/6/19 15:9:11 
2.6597 2.7028 48.0468 1.1658 298.4625 9.0789 
2018/6/19 15:9:13 
2.6597 2.6979 33.3841 1.1659 298.4625 7.5676 
2018/6/19 15:9:15 
2.6597 2.7224 72.4847 1.1659 298.4625 11.1508 
2018/6/19 15:9:17 
2.6597 2.7126 57.8220 1.1659 298.4625 9.9595 
2018/6/19 15:9:19 
2.6597 2.6833 72.4847 1.1658 298.4625 11.1511 
2018/6/19 15:9:21 
2.6597 2.6979 -0.8290 1.1659 298.4625 nan 
2018/6/19 15:9:22 
2.6597 2.6979 48.0468 1.1659 298.4625 9.0785 
2018/6/19 15:9:24 
2.6597 2.7126 8.9462 1.1659 298.4625 3.9174 
2018/6/19 15:9:26 
2.6597 2.6735 48.0468 1.1659 298.4625 9.0785 
2018/6/19 15:9:28 
2.6597 2.6735 4.0586 1.1659 298.4625 2.6386 
2018/6/19 15:9:30 
2.6597 2.6931 33.3841 1.1659 298.4625 7.5676 
2018/6/19 15:9:32 
2.6597 2.6882 18.7213 1.1658 298.4625 5.6671 
2018/6/19 15:9:33 
2.6597 2.7224 43.1592 1.1659 298.4625 8.6044 
2018/6/19 15:9:35 
2.6597 2.6686 62.7096 1.1659 298.4625 10.3719 
2018/6/19 15:9:37 
2.6597 2.7273 13.8338 1.1659 298.4625 4.8714 
2018/6/19 15:9:39 
2.6597 2.6931 62.7096 1.1659 298.4625 10.3717 
2018/6/19 15:9:41 
2.6597 2.7126 52.9344 1.1659 298.4625 9.5293 
2018/6/19 15:9:43 
2.6597 2.6833 8.9462 1.1657 298.5250 3.9178 
2018/6/19 15:9:44 
2.6597 2.7126 77.3723 1.1657 298.5250 11.5218 
2018/6/19 15:9:46 
2.6597 2.7322 38.2717 1.1658 298.4625 8.1029 
2018/6/19 15:9:48 
2.6597 2.7028 33.3841 1.1658 298.4625 7.5678 
2018/6/19 15:9:50 
2.6597 2.6784 48.0468 1.1658 298.4625 9.0789 
2018/6/19 15:9:52 
2.6597 2.6637 62.7096 1.1659 298.4625 10.3719 
2018/6/19 15:9:54 
2.6597 2.7028 48.0468 1.1659 298.4625 9.0787 
2018/6/19 15:9:55 
2.6597 2.6686 33.3841 1.1658 298.4625 7.5679 
2018/6/19 15:9:57 
2.6597 2.6784 -10.6044 1.1658 298.4625 nan 
2018/6/19 15:9:59 
2.6597 2.6979 72.4847 1.1658 298.4625 11.1512 
2018/6/19 15:10:1 
2.6597 2.6979 67.5972 1.1658 298.4625 10.7687 
2018/6/19 15:10:3 
2.6597 2.6931 52.9344 1.1658 298.4625 9.5295 
2018/6/19 15:10:5 
2.6597 2.7273 48.0468 1.1658 298.4625 9.0790 
2018/6/19 15:10:6 
2.6597 2.6686 4.0586 1.1658 298.4625 2.6387 
2018/6/19 15:10:8 
2.6597 2.7224 28.4965 1.1658 298.4625 6.9920 
2018/6/19 15:10:10 
2.6597 2.7028 43.1592 1.1658 298.4625 8.6048 
2018/6/19 15:10:12 
2.6597 2.6931 48.0468 1.1659 298.4625 9.0787 
2018/6/19 15:10:14 
2.6597 2.7175 62.7096 1.1658 298.4625 10.3721 
2018/6/19 15:10:15 
2.6597 2.6833 43.1592 1.1658 298.4625 8.6048 
2018/6/19 15:10:17 
2.6597 2.7126 38.2717 1.1658 298.4625 8.1030 
2018/6/19 15:10:19 
2.6597 2.6979 8.9462 1.1658 298.4625 3.9176 
2018/6/19 15:10:21 
2.6597 2.7028 43.1592 1.1658 298.4625 8.6047 
2018/6/19 15:10:23 
2.6597 2.7028 43.1592 1.1658 298.4625 8.6046 
2018/6/19 15:10:25 
2.6597 2.6931 48.0468 1.1657 298.5250 9.0794 
2018/6/19 15:10:26 
2.6597 2.6833 28.4965 1.1656 298.5250 6.9925 
2018/6/19 15:10:28 
2.6597 2.7224 18.7213 1.1656 298.5250 5.6677 
2018/6/19 15:10:30 
2.6597 2.7126 33.3841 1.1656 298.5250 7.5684 
2018/6/19 15:10:32 
2.6597 2.6686 48.0468 1.1657 298.5250 9.0795 
2018/6/19 15:10:34 
2.6597 2.6833 -5.7168 1.1656 298.5250 nan 
2018/6/19 15:10:36 
2.6597 2.6979 38.2717 1.1656 298.5250 8.1035 
2018/6/19 15:10:37 
2.6597 2.6931 33.3841 1.1654 298.5875 7.5690 
2018/6/19 15:10:39 
2.6597 2.7322 48.0468 1.1656 298.5250 9.0796 
2018/6/19 15:10:41 
2.6597 2.6931 28.4965 1.1656 298.5250 6.9925 
2018/6/19 15:10:43 
2.6597 2.7077 28.4965 1.1656 298.5250 6.9925 
2018/6/19 15:10:45 
2.6597 2.6979 43.1592 1.1654 298.5875 8.6064 
2018/6/19 15:10:47 
2.6597 2.6931 48.0468 1.1653 298.5875 9.0807 
2018/6/19 15:10:48 
2.6597 2.6784 33.3841 1.1654 298.5875 7.5693 
2018/6/19 15:10:50 
2.6597 2.6735 67.5972 1.1653 298.5875 10.7710 
2018/6/19 15:10:52 
2.6597 2.6882 48.0468 1.1654 298.5875 9.0806 
2018/6/19 15:10:54 
2.6597 2.6979 82.2599 1.1654 298.5875 11.8817 
2018/6/19 15:10:56 
2.6597 2.6784 33.3841 1.1654 298.5875 7.5692 
2018/6/19 15:10:58 
2.6597 2.6735 38.2717 1.1656 298.5250 8.1037 
2018/6/19 15:10:59 
2.6597 2.7468 33.3841 1.1654 298.5875 7.5692 
2018/6/19 15:11:1 
2.6597 2.7224 28.4965 1.1654 298.5875 6.9931 
2018/6/19 15:11:3 
2.6597 2.7370 38.2717 1.1654 298.5875 8.1043 
2018/6/19 15:11:5 
2.6597 2.7224 62.7096 1.1655 298.5875 10.3737 
2018/6/19 15:11:7 
2.6597 2.6931 48.0468 1.1654 298.5875 9.0805 
2018/6/19 15:11:9 
2.6597 2.6979 4.0586 1.1654 298.5875 2.6392 
2018/6/19 15:11:10 
2.6597 2.6784 18.7213 1.1654 298.5875 5.6681 
2018/6/19 15:11:12 
2.6597 2.7419 38.2717 1.1654 298.5875 8.1042 
2018/6/19 15:11:14 
2.6597 2.6979 52.9344 1.1654 298.5875 9.5312 
2018/6/19 15:11:16 
2.6597 2.7077 38.2717 1.1654 298.5875 8.1044 
2018/6/19 15:11:18 
2.6597 2.7224 43.1592 1.1656 298.5250 8.6055 
2018/6/19 15:11:20 
2.6597 2.7224 67.5972 1.1656 298.5250 10.7699 
2018/6/19 15:11:21 
2.6597 2.6491 4.0586 1.1656 298.5875 2.6390 
2018/6/19 15:11:23 
2.6597 2.6540 28.4965 1.1655 298.5875 6.9927 
2018/6/19 15:11:25 
2.6597 2.6784 52.9344 1.1653 298.6500 9.5318 
2018/6/19 15:11:27 
2.6597 2.6882 23.6089 1.1654 298.5875 6.3652 
2018/6/19 15:11:29 
2.6597 2.6784 33.3841 1.1655 298.5875 7.5689 
2018/6/19 15:11:31 
2.6597 2.7175 13.8338 1.1654 298.5875 4.8724 
2018/6/19 15:11:32 
2.6597 2.7077 77.3723 1.1654 298.5875 11.5231 
2018/6/19 15:11:34 
2.6597 2.6979 48.0468 1.1654 298.5875 9.0804 
2018/6/19 15:11:36 
2.6597 2.7517 77.3723 1.1654 298.5875 11.5232 
2018/6/19 15:11:38 
2.6597 2.7126 48.0468 1.1654 298.5875 9.0806 
2018/6/19 15:11:40 
2.6597 2.7224 43.1592 1.1654 298.5875 8.6064 
2018/6/19 15:11:42 
2.6597 2.7224 43.1592 1.1653 298.5875 8.6066 
2018/6/19 15:11:43 
2.6597 2.7175 33.3841 1.1654 298.5875 7.5693 
2018/6/19 15:11:45 
2.6597 2.7028 67.5972 1.1653 298.5875 10.7710 
2018/6/19 15:11:47 
2.6597 2.6882 23.6089 1.1654 298.5875 6.3654 
2018/6/19 15:11:49 
2.6597 2.7224 28.4965 1.1653 298.5875 6.9934 
2018/6/19 15:11:51 
2.6597 2.7322 48.0468 1.1653 298.5875 9.0810 
2018/6/19 15:11:53 
2.6597 2.7517 23.6089 1.1653 298.5875 6.3655 
2018/6/19 15:11:54 
2.6597 2.6686 67.5972 1.1653 298.5875 10.7711 
2018/6/19 15:11:56 
2.6597 2.7028 48.0468 1.1653 298.5875 9.0808 
2018/6/19 15:11:58 
2.6597 2.6735 67.5972 1.1653 298.5875 10.7712 
2018/6/19 15:12:0 
2.6597 2.7028 43.1592 1.1653 298.5875 8.6066 
2018/6/19 15:12:2 
2.6597 2.6931 52.9344 1.1653 298.5875 9.5314 
2018/6/19 15:12:4 
2.6597 2.7468 4.0586 1.1653 298.5875 2.6392 
2018/6/19 15:12:5 
2.6597 2.6784 8.9462 1.1654 298.5875 3.9183 
2018/6/19 15:12:7 
2.6597 2.7175 8.9462 1.1653 298.5875 3.9184 
2018/6/19 15:12:9 
2.6597 2.6882 28.4965 1.1653 298.5875 6.9933 
2018/6/19 15:12:11 
2.6597 2.6784 38.2717 1.1654 298.5875 8.1044 
2018/6/19 15:12:13 
2.6597 2.7322 18.7213 1.1654 298.5875 5.6683 
2018/6/19 15:12:15 
2.6597 2.6931 13.8338 1.1656 298.5250 4.8721 
2018/6/19 15:12:16 
2.6597 2.6833 18.7213 1.1656 298.5250 5.6677 
2018/6/19 15:12:18 
2.6597 2.6833 23.6089 1.1656 298.5250 6.3646 
2018/6/19 15:12:20 
2.6597 2.6882 18.7213 1.1656 298.5250 5.6677 
2018/6/19 15:12:22 
2.6597 2.6588 52.9344 1.1656 298.5250 9.5303 
2018/6/19 15:12:24 
2.6597 2.7126 48.0468 1.1656 298.5250 9.0798 
2018/6/19 15:12:26 
2.6597 2.7077 48.0468 1.1657 298.5250 9.0795 
2018/6/19 15:12:28 
2.6597 2.7126 18.7213 1.1656 298.5250 5.6676 
2018/6/19 15:12:29 
2.6597 2.6882 33.3841 1.1656 298.5250 7.5686 
2018/6/19 15:12:31 
2.6597 2.7419 48.0468 1.1657 298.5250 9.0795 
2018/6/19 15:12:33 
2.6597 2.6784 33.3841 1.1656 298.5250 7.5685 
2018/6/19 15:12:35 
2.6597 2.6784 38.2717 1.1656 298.5250 8.1036 
2018/6/19 15:12:37 
2.6597 2.7077 8.9462 1.1654 298.5875 3.9182 
2018/6/19 15:12:39 
2.6597 2.7126 28.4965 1.1656 298.5250 6.9924 
2018/6/19 15:12:40 
2.6597 2.6882 13.8338 1.1656 298.5250 4.8720 
2018/6/19 15:12:42 
2.6597 2.6784 48.0468 1.1656 298.5250 9.0796 
2018/6/19 15:12:44 
2.6597 2.6588 13.8338 1.1656 298.5250 4.8720 
2018/6/19 15:12:46 
2.6597 2.6491 52.9344 1.1656 298.5250 9.5303 
2018/6/19 15:12:48 
2.6597 2.6784 18.7213 1.1656 298.5250 5.6677 
2018/6/19 15:12:49 
2.6597 2.6979 48.0468 1.1656 298.5250 9.0797 
2018/6/19 15:12:51 
2.6597 2.6882 38.2717 1.1656 298.5250 8.1036 
2018/6/19 15:12:53 
2.6597 2.7224 13.8338 1.1656 298.5250 4.8720 
2018/6/19 15:12:55 
2.6597 2.7175 23.6089 1.1656 298.5250 6.3648 
2018/6/19 15:12:57 
2.6597 2.7028 57.8220 1.1656 298.5250 9.9607 
2018/6/19 15:12:59 
2.6597 2.6882 48.0468 1.1655 298.5250 9.0800 
2018/6/19 15:13:0 
2.6597 2.7028 48.0468 1.1656 298.5250 9.0798 
2018/6/19 15:13:2 
2.6597 2.6931 48.0468 1.1656 298.5250 9.0797 
2018/6/19 15:13:4 
2.6597 2.7126 28.4965 1.1656 298.5250 6.9926 
2018/6/19 15:13:6 
2.6597 2.6931 8.9462 1.1656 298.5250 3.9180 
2018/6/19 15:13:8 
2.6597 2.7322 23.6089 1.1656 298.5250 6.3646 
2018/6/19 15:13:10 
2.6597 2.7273 43.1592 1.1656 298.5250 8.6053 
2018/6/19 15:13:11 
2.6597 2.7077 23.6089 1.1656 298.5250 6.3646 
2018/6/19 15:13:13 
2.6597 2.6931 33.3841 1.1657 298.5250 7.5683 
2018/6/19 15:13:15 
2.6597 2.6979 43.1592 1.1657 298.5250 8.6053 
2018/6/19 15:13:17 
2.6597 2.6931 62.7096 1.1656 298.5250 10.3729 
2018/6/19 15:13:19 
2.6597 2.7273 43.1592 1.1656 298.5250 8.6054 
2018/6/19 15:13:21 
2.6597 2.6979 28.4965 1.1654 298.5875 6.9932 
2018/6/19 15:13:22 
2.6597 2.6979 38.2717 1.1656 298.5250 8.1036 
2018/6/19 15:13:24 
2.6597 2.7126 52.9344 1.1656 298.5250 9.5304 
2018/6/19 15:13:26 
2.6597 2.6882 62.7096 1.1656 298.5250 10.3729 
2018/6/19 15:13:28 
2.6597 2.6833 67.5972 1.1656 298.5250 10.7696 
2018/6/19 15:13:30 
2.6597 2.6735 33.3841 1.1656 298.5250 7.5684 
2018/6/19 15:13:32 
2.6597 2.7077 67.5972 1.1656 298.5250 10.7696 
2018/6/19 15:13:33 
2.6597 2.6882 43.1592 1.1656 298.5250 8.6054 
2018/6/19 15:13:35 
2.6597 2.6882 77.3723 1.1656 298.5250 11.5220 
2018/6/19 15:13:37 
2.6597 2.7126 67.5972 1.1657 298.5250 10.7694 
2018/6/19 15:13:39 
2.6597 2.6833 57.8220 1.1657 298.5250 9.9604 
2018/6/19 15:13:41 
2.6597 2.6637 38.2717 1.1657 298.5250 8.1033 
2018/6/19 15:13:43 
2.6597 2.7175 33.3841 1.1656 298.5250 7.5684 
2018/6/19 15:13:44 
2.6597 2.7077 23.6089 1.1656 298.5250 6.3647 
2018/6/19 15:13:46 
2.6597 2.7175 43.1592 1.1657 298.5250 8.6053 
2018/6/19 15:13:48 
2.6597 2.7175 43.1592 1.1656 298.5250 8.6054 
2018/6/19 15:13:50 
2.6597 2.6491 28.4965 1.1657 298.5250 6.9922 
2018/6/19 15:13:52 
2.6597 2.7126 43.1592 1.1657 298.5250 8.6053 
2018/6/19 15:13:54 
2.6597 2.7175 23.6089 1.1656 298.5250 6.3646 
2018/6/19 15:13:55 
2.6597 2.6979 48.0468 1.1656 298.5250 9.0797 
2018/6/19 15:13:57 
2.6597 2.6735 62.7096 1.1657 298.5250 10.3725 
2018/6/19 15:13:59 
2.6597 2.7175 52.9344 1.1656 298.5250 9.5302 
2018/6/19 15:14:1 
2.6597 2.6833 52.9344 1.1656 298.5250 9.5302 
2018/6/19 15:14:3 
2.6597 2.7028 28.4965 1.1657 298.5250 6.9923 
2018/6/19 15:14:5 
2.6597 2.7175 33.3841 1.1657 298.5250 7.5683 
2018/6/19 15:14:6 
2.6597 2.6540 33.3841 1.1659 298.5250 7.5676 
2018/6/19 15:14:8 
2.6597 2.6882 18.7213 1.1655 298.5875 5.6680 
2018/6/19 15:14:10 
2.6597 2.6882 -30.1547 1.1657 298.5250 nan 
2018/6/19 15:14:12 
2.6597 2.6784 38.2717 1.1655 298.5875 8.1040 
2018/6/19 15:14:14 
2.6597 2.6979 33.3841 1.1657 298.5250 7.5682 
2018/6/19 15:14:16 
2.6597 2.6882 28.4965 1.1657 298.5250 6.9923 
2018/6/19 15:14:17 
2.6597 2.7077 38.2717 1.1657 298.5250 8.1032 
2018/6/19 15:14:19 
2.6597 2.6735 -10.6044 1.1656 298.5875 nan 
2018/6/19 15:14:21 
2.6597 2.6735 4.0586 1.1655 298.5875 2.6390 
2018/6/19 15:14:23 
2.6597 2.6637 8.9462 1.1657 298.5250 3.9178 
2018/6/19 15:14:25 
2.6597 2.6735 13.8338 1.1655 298.5875 4.8723 
2018/6/19 15:14:27 
2.6597 2.6540 -5.7168 1.1657 298.5250 nan 
2018/6/19 15:14:28 
2.6597 2.6540 -0.8290 1.1655 298.5875 nan 
2018/6/19 15:14:30 
2.6597 2.6686 57.8220 1.1657 298.5250 9.9601 
2018/6/19 15:14:32 
2.6597 2.6979 4.0586 1.1657 298.5250 2.6388 
2018/6/19 15:14:34 
2.6597 2.6979 33.3841 1.1655 298.5875 7.5687 
2018/6/19 15:14:36 
2.6597 2.6735 -5.7168 1.1655 298.5875 nan 
2018/6/19 15:14:38 
2.6597 2.7126 18.7213 1.1657 298.5250 5.6674 
2018/6/19 15:14:39 
2.6597 2.6637 4.0586 1.1657 298.5250 2.6388 
2018/6/19 15:14:41 
2.6597 2.6686 23.6089 1.1657 298.5250 6.3644 
2018/6/19 15:14:43 
2.6597 2.6735 33.3841 1.1657 298.5250 7.5682 
2018/6/19 15:14:45 
2.6597 2.6931 57.8220 1.1657 298.5250 9.9603 
2018/6/19 15:14:47 
2.6597 2.7028 13.8338 1.1657 298.5250 4.8718 
2018/6/19 15:14:49 
2.6597 2.6686 8.9462 1.1657 298.5250 3.9178 
2018/6/19 15:14:50 
2.6597 2.6344 28.4965 1.1657 298.5250 6.9922 
2018/6/19 15:14:52 
2.6597 2.6931 33.3841 1.1657 298.5250 7.5681 
2018/6/19 15:14:54 
2.6597 2.6979 48.0468 1.1657 298.5250 9.0792 
2018/6/19 15:14:56 
2.6597 2.6540 72.4847 1.1657 298.5250 11.1517 
2018/6/19 15:14:58 
2.6597 2.6246 -5.7168 1.1657 298.5250 nan 
2018/6/19 15:15:0 
2.6597 2.7175 4.0586 1.1657 298.5250 2.6388 
2018/6/19 15:15:1 
2.6597 2.7077 28.4965 1.1657 298.5250 6.9922 
2018/6/19 15:15:3 
2.6597 2.6784 52.9344 1.1658 298.5250 9.5295 
2018/6/19 15:15:5 
2.6597 2.7077 -30.1547 1.1657 298.5250 nan 
2018/6/19 15:15:7 
2.6597 2.6588 43.1592 1.1658 298.5250 8.6049 
2018/6/19 15:15:9 
2.6597 2.6979 -20.3795 1.1657 298.5250 nan 
2018/6/19 15:15:11 
2.6597 2.6784 28.4965 1.1657 298.5250 6.9923 
2018/6/19 15:15:12 
2.6597 2.6637 43.1592 1.1657 298.5250 8.6051 
2018/6/19 15:15:14 
2.6597 2.6882 28.4965 1.1657 298.5250 6.9922 
2018/6/19 15:15:16 
2.6597 2.7028 -0.8290 1.1657 298.5250 nan 
2018/6/19 15:15:18 
2.6597 2.6588 43.1592 1.1656 298.5250 8.6053 
2018/6/19 15:15:20 
2.6597 2.6882 8.9462 1.1655 298.5875 3.9181 
2018/6/19 15:15:22 
2.6597 2.6686 -5.7168 1.1654 298.5875 nan 
2018/6/19 15:15:23 
2.6597 2.7224 28.4965 1.1655 298.5875 6.9929 
2018/6/19 15:15:25 
2.6597 2.6686 23.6089 1.1655 298.5875 6.3650 
2018/6/19 15:15:27 
2.6597 2.6540 48.0468 1.1654 298.5875 9.0803 
2018/6/19 15:15:29 
2.6597 2.7077 13.8338 1.1656 298.5250 4.8720 
2018/6/19 15:15:31 
2.6597 2.6784 28.4965 1.1654 298.5875 6.9930 
2018/6/19 15:15:33 
2.6597 2.6784 13.8338 1.1654 298.5875 4.8725 
2018/6/19 15:15:34 
2.6597 2.6979 4.0586 1.1655 298.5875 2.6391 
2018/6/19 15:15:36 
2.6597 2.7175 43.1592 1.1654 298.5875 8.6061 
2018/6/19 15:15:38 
2.6597 2.6735 4.0586 1.1655 298.5875 2.6391 
2018/6/19 15:15:40 
2.6597 2.6882 -0.8290 1.1655 298.5875 nan 
2018/6/19 15:15:42 
2.6597 2.7077 8.9462 1.1654 298.5875 3.9183 
2018/6/19 15:15:44 
2.6597 2.6833 -5.7168 1.1654 298.5875 nan 
2018/6/19 15:15:45 
2.6597 2.6393 33.3841 1.1655 298.5875 7.5690 
2018/6/19 15:15:47 
2.6597 2.6540 48.0468 1.1657 298.5250 9.0795 
2018/6/19 15:15:49 
2.6597 2.6979 48.0468 1.1654 298.5875 9.0803 
2018/6/19 15:15:51 
2.6597 2.6491 4.0586 1.1656 298.5250 2.6389 
2018/6/19 15:15:53 
2.6597 2.6979 13.8338 1.1657 298.5250 4.8718 
2018/6/19 15:15:54 
2.6597 2.6882 62.7096 1.1657 298.5250 10.3725 
2018/6/19 15:15:56 
2.6597 2.6931 18.7213 1.1657 298.5250 5.6674 
2018/6/19 15:15:58 
2.6597 2.6540 28.4965 1.1657 298.5250 6.9922 
2018/6/19 15:16:0 
2.6597 2.6686 28.4965 1.1655 298.5875 6.9929 
2018/6/19 15:16:2 
2.6597 2.6637 -5.7168 1.1654 298.5875 nan 
2018/6/19 15:16:4 
2.6597 2.6784 18.7213 1.1657 298.5250 5.6674 
2018/6/19 15:16:5 
2.6597 2.6882 23.6089 1.1656 298.5250 6.3646 
2018/6/19 15:16:7 
2.6597 2.6735 -20.3795 1.1655 298.5875 nan 
2018/6/19 15:16:9 
2.6597 2.6931 -10.6044 1.1654 298.5875 nan 
2018/6/19 15:16:11 
2.6597 2.6833 18.7213 1.1656 298.5250 5.6677 
2018/6/19 15:16:13 
2.6597 2.7077 8.9462 1.1654 298.5875 3.9183 
2018/6/19 15:16:15 
2.6597 2.6588 38.2717 1.1654 298.5875 8.1044 
2018/6/19 15:16:16 
2.6597 2.6833 -10.6044 1.1654 298.5875 nan 
2018/6/19 15:16:18 
2.6597 2.6784 13.8338 1.1655 298.5875 4.8723 
2018/6/19 15:16:20 
2.6597 2.7028 -20.3795 1.1654 298.5875 nan 
2018/6/19 15:16:22 
2.6597 2.7126 13.8338 1.1654 298.5875 4.8725 
2018/6/19 15:16:24 
2.6597 2.6979 18.7213 1.1654 298.5875 5.6681 
2018/6/19 15:16:26 
2.6597 2.6833 13.8338 1.1655 298.5875 4.8723 
2018/6/19 15:16:27 
2.6597 2.7224 33.3841 1.1655 298.5875 7.5688 
2018/6/19 15:16:29 
2.6597 2.6588 18.7213 1.1654 298.5875 5.6682 
2018/6/19 15:16:31 
2.6597 2.6686 -20.3795 1.1654 298.5875 nan 
2018/6/19 15:16:33 
2.6597 2.6833 4.0586 1.1654 298.5875 2.6391 
2018/6/19 15:16:35 
2.6597 2.6686 -10.6044 1.1654 298.5875 nan 
2018/6/19 15:16:37 
2.6597 2.6979 43.1592 1.1653 298.5875 8.6066 
2018/6/19 15:16:38 
2.6597 2.6931 33.3841 1.1654 298.5875 7.5692 
2018/6/19 15:16:40 
2.6597 2.6833 8.9462 1.1653 298.5875 3.9184 
2018/6/19 15:16:42 
2.6597 2.6588 23.6089 1.1652 298.6500 6.3659 
2018/6/19 15:16:44 
2.6597 2.6931 -10.6044 1.1654 298.5875 nan 
2018/6/19 15:16:46 
2.6597 2.6979 13.8338 1.1653 298.5875 4.8726 
2018/6/19 15:16:48 
2.6597 2.6833 -0.8290 1.1651 298.6500 nan 
2018/6/19 15:16:49 
2.6597 2.6686 28.4965 1.1652 298.6500 6.9939 
2018/6/19 15:16:51 
2.6597 2.6588 -0.8290 1.1654 298.5875 nan 
2018/6/19 15:16:53 
2.6597 2.6735 -0.8290 1.1652 298.6500 nan 
2018/6/19 15:16:55 
2.6597 2.6979 -5.7168 1.1652 298.6500 nan 
