2018/6/19 15:37:15 
2.6344 2.6295 -0.0021 1.1667 298.1500 nan 
2018/6/19 15:37:17 
2.6344 2.6295 -0.0021 1.1668 298.1500 nan 
2018/6/19 15:37:18 
2.6344 2.6344 -0.0021 1.1665 298.2125 nan 
2018/6/19 15:37:20 
2.6344 2.6344 -0.0021 1.1665 298.2125 nan 
2018/6/19 15:37:22 
2.6344 2.9472 -0.0021 1.1665 298.2125 nan 
2018/6/19 15:37:24 
2.6344 3.9687 1568.9127 1.1665 298.2125 51.8637 
2018/6/19 15:37:26 
2.6344 3.9150 1515.1494 1.1665 298.2125 50.9682 
2018/6/19 15:37:27 
2.6344 4.1056 1510.2617 1.1665 298.2125 50.8854 
2018/6/19 15:37:29 
2.6344 4.0860 1539.5872 1.1665 298.2125 51.3777 
2018/6/19 15:37:31 
2.6344 4.0078 1407.6225 1.1666 298.2125 49.1253 
2018/6/19 15:37:33 
2.6344 4.1153 1441.8356 1.1665 298.2125 49.7196 
2018/6/19 15:37:35 
2.6344 4.2669 1402.7349 1.1665 298.2125 49.0410 
2018/6/19 15:37:37 
2.6344 4.2180 1383.1846 1.1665 298.2125 48.6973 
2018/6/19 15:37:39 
2.6344 4.1251 1412.5101 1.1665 298.2125 49.2112 
2018/6/19 15:37:40 
2.6344 4.2424 1588.4635 1.1665 298.2125 52.1860 
2018/6/19 15:37:42 
2.6344 4.0860 1510.2617 1.1666 298.2125 50.8848 
2018/6/19 15:37:44 
2.6344 4.1300 1559.1375 1.1665 298.2125 51.7024 
2018/6/19 15:37:46 
2.6344 4.2571 1339.1964 1.1665 298.2125 47.9171 
2018/6/19 15:37:48 
2.6344 4.0225 1505.3741 1.1665 298.2125 50.8035 
2018/6/19 15:37:50 
2.6344 4.1593 1353.8591 1.1665 298.2125 48.1783 
2018/6/19 15:37:51 
2.6344 3.9785 1534.6997 1.1665 298.2125 51.2952 
2018/6/19 15:37:53 
2.6344 4.1056 1422.2852 1.1665 298.2125 49.3810 
2018/6/19 15:37:55 
2.6344 4.1251 1412.5101 1.1665 298.2125 49.2110 
2018/6/19 15:37:57 
2.6344 4.1593 1432.0604 1.1665 298.2125 49.5501 
2018/6/19 15:37:59 
2.6344 4.0909 1319.6461 1.1665 298.2125 47.5657 
2018/6/19 15:38:0 
2.6344 4.0518 1446.7232 1.1666 298.2125 49.8025 
2018/6/19 15:38:2 
2.6344 4.0958 1495.5989 1.1665 298.2125 50.6378 
2018/6/19 15:38:4 
2.6344 4.1398 1490.7114 1.1666 298.2125 50.5544 
2018/6/19 15:38:6 
2.6344 4.0909 1598.2386 1.1665 298.2125 52.3468 
2018/6/19 15:38:8 
2.6344 4.1838 1446.7232 1.1665 298.2125 49.8045 
2018/6/19 15:38:10 
2.6344 4.2278 1436.9481 1.1667 298.1500 49.6304 
2018/6/19 15:38:11 
2.6344 4.1202 1559.1375 1.1668 298.1500 51.6972 
2018/6/19 15:38:13 
2.6344 4.0567 1319.6461 1.1668 298.1500 47.5608 
2018/6/19 15:38:15 
2.6344 4.1593 1324.5336 1.1668 298.1500 47.6492 
2018/6/19 15:38:17 
2.6344 3.9345 1466.2735 1.1668 298.1500 50.1336 
2018/6/19 15:38:19 
2.6344 4.1300 1588.4635 1.1665 298.2125 52.1866 
2018/6/19 15:38:21 
2.6344 4.1984 1583.5754 1.1667 298.1500 52.1016 
2018/6/19 15:38:22 
2.6344 4.0714 1456.4984 1.1665 298.2125 49.9716 
2018/6/19 15:38:24 
2.6344 4.0567 1466.2735 1.1665 298.2125 50.1397 
2018/6/19 15:38:26 
2.6344 4.2033 1534.6997 1.1665 298.2125 51.2952 
2018/6/19 15:38:28 
2.6344 4.2082 1348.9715 1.1665 298.2125 48.0926 
2018/6/19 15:38:30 
2.6344 3.9980 1334.3088 1.1665 298.2125 47.8291 
2018/6/19 15:38:32 
2.6344 4.0958 1417.3977 1.1667 298.1500 49.2922 
2018/6/19 15:38:33 
2.6344 4.1349 1348.9715 1.1665 298.2125 48.0925 
2018/6/19 15:38:35 
2.6344 4.1398 1334.3088 1.1665 298.2125 47.8300 
2018/6/19 15:38:37 
2.6344 4.1349 1617.7890 1.1665 298.2125 52.6668 
2018/6/19 15:38:39 
2.6344 4.1984 1466.2735 1.1665 298.2125 50.1390 
2018/6/19 15:38:41 
2.6344 4.0714 1348.9715 1.1665 298.2125 48.0919 
2018/6/19 15:38:43 
2.6344 4.1593 1529.8121 1.1665 298.2125 51.2142 
2018/6/19 15:38:44 
2.6344 4.0078 1485.8238 1.1665 298.2125 50.4717 
2018/6/19 15:38:46 
2.6344 4.2815 1529.8121 1.1665 298.2125 51.2141 
2018/6/19 15:38:48 
2.6344 4.1007 1353.8591 1.1665 298.2125 48.1788 
2018/6/19 15:38:50 
2.6344 3.9932 1583.5754 1.1665 298.2125 52.1069 
2018/6/19 15:38:52 
2.6344 4.1447 1480.9362 1.1665 298.2125 50.3899 
2018/6/19 15:38:54 
2.6344 4.1935 1544.4748 1.1663 298.2750 51.4636 
2018/6/19 15:38:55 
2.6344 4.2229 1510.2617 1.1665 298.2125 50.8861 
2018/6/19 15:38:57 
2.6344 4.1642 1427.1728 1.1665 298.2125 49.4669 
2018/6/19 15:38:59 
2.6344 4.1838 1402.7349 1.1664 298.2125 49.0432 
2018/6/19 15:39:1 
2.6344 4.1056 1524.9245 1.1664 298.2125 51.1338 
2018/6/19 15:39:3 
2.6344 4.0958 1583.5754 1.1665 298.2125 52.1065 
2018/6/19 15:39:5 
2.6344 4.2131 1471.1611 1.1665 298.2125 50.2238 
2018/6/19 15:39:6 
2.6344 4.1007 1520.0369 1.1664 298.2125 51.0519 
2018/6/19 15:39:8 
2.6344 4.0860 1407.6225 1.1665 298.2125 49.1274 
2018/6/19 15:39:10 
2.6344 4.0811 1510.2617 1.1665 298.2125 50.8871 
2018/6/19 15:39:12 
2.6344 4.1202 1632.4517 1.1665 298.2125 52.9051 
2018/6/19 15:39:14 
2.6344 4.1496 1495.5989 1.1667 298.1500 50.6347 
2018/6/19 15:39:16 
2.6344 4.1984 1226.7818 1.1667 298.1500 45.8584 
2018/6/19 15:39:17 
2.6344 4.1544 1539.5872 1.1667 298.1500 51.3727 
2018/6/19 15:39:19 
2.6344 4.1007 1568.9127 1.1667 298.1500 51.8607 
2018/6/19 15:39:21 
2.6344 3.9687 1446.7232 1.1667 298.1500 49.8002 
2018/6/19 15:39:23 
2.6344 4.0078 1495.5989 1.1667 298.1500 50.6344 
2018/6/19 15:39:25 
2.6344 4.1398 1520.0369 1.1667 298.1500 51.0459 
2018/6/19 15:39:27 
2.6344 4.0323 1598.2386 1.1667 298.1500 52.3428 
2018/6/19 15:39:28 
2.6344 4.0714 1529.8121 1.1667 298.1500 51.2104 
2018/6/19 15:39:30 
2.6344 4.1007 1544.4748 1.1669 298.0875 51.4499 
2018/6/19 15:39:32 
2.6344 4.1887 1309.8709 1.1667 298.1500 47.3856 
2018/6/19 15:39:34 
2.6344 4.0176 1476.0487 1.1667 298.1500 50.3013 
2018/6/19 15:39:36 
2.6344 4.1056 1412.5101 1.1667 298.1500 49.2077 
2018/6/19 15:39:38 
2.6344 4.0811 1485.8238 1.1667 298.1500 50.4674 
2018/6/19 15:39:39 
2.6344 4.0958 1515.1494 1.1667 298.1500 50.9645 
2018/6/19 15:39:41 
2.6344 4.0762 1300.0958 1.1667 298.1500 47.2092 
2018/6/19 15:39:43 
2.6344 4.0469 1510.2617 1.1667 298.1500 50.8821 
2018/6/19 15:39:45 
2.6344 4.1447 1480.9362 1.1666 298.1500 50.3865 
2018/6/19 15:39:47 
2.6344 4.1887 1598.2386 1.1667 298.1500 52.3429 
2018/6/19 15:39:49 
2.6344 4.2571 1564.0251 1.1667 298.1500 51.7791 
2018/6/19 15:39:50 
2.6344 3.9443 1295.2082 1.1667 298.1500 47.1198 
2018/6/19 15:39:52 
2.6344 4.2424 1392.9598 1.1667 298.1500 48.8658 
2018/6/19 15:39:54 
2.6344 4.0958 1417.3977 1.1667 298.1500 49.2924 
2018/6/19 15:39:56 
2.6344 4.2082 1485.8238 1.1667 298.1500 50.4685 
2018/6/19 15:39:58 
2.6344 4.2033 1353.8591 1.1667 298.1500 48.1743 
2018/6/19 15:40:0 
2.6344 4.0420 1412.5101 1.1667 298.1500 49.2069 
2018/6/19 15:40:1 
2.6344 4.0811 1471.1611 1.1667 298.1500 50.2179 
2018/6/19 15:40:3 
2.6344 4.0567 1520.0369 1.1667 298.1500 51.0456 
2018/6/19 15:40:5 
2.6344 4.0860 1539.5872 1.1667 298.1500 51.3731 
2018/6/19 15:40:7 
2.6344 4.1984 1392.9598 1.1669 298.0875 48.8617 
2018/6/19 15:40:9 
2.6344 4.0811 1383.1846 1.1667 298.1500 48.6943 
2018/6/19 15:40:11 
2.6344 4.0323 1446.7232 1.1667 298.1500 49.8003 
2018/6/19 15:40:12 
2.6344 4.0029 1583.5754 1.1669 298.0875 52.0984 
2018/6/19 15:40:14 
2.6344 4.0371 1471.1611 1.1667 298.1500 50.2184 
2018/6/19 15:40:16 
2.6344 4.2669 1441.8356 1.1667 298.1500 49.7162 
2018/6/19 15:40:18 
2.6344 4.1838 1476.0487 1.1667 298.1500 50.3026 
2018/6/19 15:40:20 
2.6344 4.0665 1373.4095 1.1667 298.1500 48.5224 
2018/6/19 15:40:22 
2.6344 4.2180 1427.1728 1.1666 298.1500 49.4633 
2018/6/19 15:40:23 
2.6344 4.0078 1441.8356 1.1667 298.1500 49.7163 
2018/6/19 15:40:25 
2.6344 4.1691 1446.7232 1.1667 298.1500 49.8009 
2018/6/19 15:40:27 
2.6344 4.2131 1583.5754 1.1667 298.1500 52.1025 
2018/6/19 15:40:29 
2.6344 4.1544 1515.1494 1.1667 298.1500 50.9645 
2018/6/19 15:40:31 
2.6344 4.1251 1544.4748 1.1667 298.1500 51.4553 
2018/6/19 15:40:33 
2.6344 4.1349 1544.4748 1.1667 298.1500 51.4542 
2018/6/19 15:40:34 
2.6344 4.2229 1480.9362 1.1667 298.1500 50.3857 
2018/6/19 15:40:36 
2.6344 4.2571 1427.1728 1.1667 298.1500 49.4622 
2018/6/19 15:40:38 
2.6344 4.0127 1515.1494 1.1667 298.1500 50.9640 
2018/6/19 15:40:40 
2.6344 4.1153 1549.3624 1.1667 298.1500 51.5368 
2018/6/19 15:40:42 
2.6344 4.1398 1397.8474 1.1667 298.1500 48.9512 
2018/6/19 15:40:44 
2.6344 4.2424 1573.8002 1.1667 298.1500 51.9409 
2018/6/19 15:40:45 
2.6344 4.1056 1559.1375 1.1667 298.1500 51.6983 
2018/6/19 15:40:47 
2.6344 3.9345 1515.1494 1.1666 298.1500 50.9652 
2018/6/19 15:40:49 
2.6344 4.0665 1422.2852 1.1667 298.1500 49.3770 
2018/6/19 15:40:51 
2.6344 3.9150 1412.5101 1.1668 298.1500 49.2063 
2018/6/19 15:40:53 
2.6344 3.8514 1471.1611 1.1667 298.1500 50.2193 
2018/6/19 15:40:55 
2.6344 4.0958 1441.8356 1.1667 298.1500 49.7157 
2018/6/19 15:40:56 
2.6344 4.0762 1456.4984 1.1665 298.2125 49.9722 
2018/6/19 15:40:58 
2.6344 4.2571 1564.0251 1.1667 298.1500 51.7792 
2018/6/19 15:41:0 
2.6344 3.9394 1329.4212 1.1665 298.2125 47.7427 
2018/6/19 15:41:2 
2.6344 4.2424 1461.3859 1.1667 298.1500 50.0512 
2018/6/19 15:41:4 
2.6344 4.2229 1456.4984 1.1667 298.1500 49.9671 
2018/6/19 15:41:6 
2.6344 4.1887 1524.9245 1.1665 298.2125 51.1326 
2018/6/19 15:41:7 
2.6344 4.1202 1515.1494 1.1667 298.1500 50.9632 
2018/6/19 15:41:9 
2.6344 4.1789 1539.5872 1.1665 298.2125 51.3772 
2018/6/19 15:41:11 
2.6344 4.1740 1520.0369 1.1665 298.2125 51.0506 
2018/6/19 15:41:13 
2.6344 4.2766 1471.1611 1.1665 298.2125 50.2230 
2018/6/19 15:41:15 
2.6344 4.1398 1588.4635 1.1667 298.1500 52.1819 
2018/6/19 15:41:17 
2.6344 4.0420 1695.9903 1.1665 298.2125 53.9243 
2018/6/19 15:41:18 
2.6344 4.1056 1510.2617 1.1665 298.2125 50.8856 
2018/6/19 15:41:20 
2.6344 4.1105 1608.0139 1.1665 298.2125 52.5071 
2018/6/19 15:41:22 
2.6344 4.1153 1407.6225 1.1665 298.2125 49.1263 
2018/6/19 15:41:24 
2.6344 4.2180 1515.1494 1.1665 298.2125 50.9678 
2018/6/19 15:41:26 
2.6344 4.0958 1412.5101 1.1665 298.2125 49.2111 
2018/6/19 15:41:28 
2.6344 4.1447 1534.6997 1.1666 298.2125 51.2949 
2018/6/19 15:41:29 
2.6344 4.1251 1544.4748 1.1665 298.2125 51.4594 
2018/6/19 15:41:31 
2.6344 4.0469 1637.3393 1.1666 298.2125 52.9823 
2018/6/19 15:41:33 
2.6344 4.0762 1412.5101 1.1665 298.2125 49.2109 
2018/6/19 15:41:35 
2.6344 4.0176 1534.6997 1.1666 298.2125 51.2936 
2018/6/19 15:41:37 
2.6344 4.2424 1368.5219 1.1665 298.2125 48.4385 
2018/6/19 15:41:39 
2.6344 4.2180 1446.7232 1.1665 298.2125 49.8032 
2018/6/19 15:41:40 
2.6344 4.1398 1598.2386 1.1665 298.2125 52.3469 
2018/6/19 15:41:42 
2.6344 4.1593 1427.1728 1.1663 298.2750 49.4709 
2018/6/19 15:41:44 
2.6344 4.0323 1652.0020 1.1663 298.2750 53.2247 
2018/6/19 15:41:46 
2.6344 4.1838 1539.5872 1.1663 298.2750 51.3824 
2018/6/19 15:41:48 
2.6344 4.2033 1490.7114 1.1663 298.2750 50.5602 
2018/6/19 15:41:50 
2.6344 4.0616 1485.8238 1.1663 298.2750 50.4780 
2018/6/19 15:41:51 
2.6344 4.1349 1510.2617 1.1663 298.2750 50.8908 
2018/6/19 15:41:53 
2.6344 3.9541 1368.5219 1.1663 298.2750 48.4435 
2018/6/19 15:41:55 
2.6344 4.1838 1456.4984 1.1663 298.2750 49.9771 
2018/6/19 15:41:57 
2.6344 4.0665 1368.5219 1.1662 298.2750 48.4446 
2018/6/19 15:41:59 
2.6344 3.9980 1417.3977 1.1664 298.2750 49.2999 
2018/6/19 15:42:0 
2.6344 4.3255 1476.0487 1.1663 298.2750 50.3107 
2018/6/19 15:42:2 
2.6344 4.1593 1564.0251 1.1662 298.2750 51.7899 
2018/6/19 15:42:4 
2.6344 3.9785 1441.8356 1.1663 298.2750 49.7245 
2018/6/19 15:42:6 
2.6344 4.0567 1515.1494 1.1663 298.2750 50.9738 
2018/6/19 15:42:8 
2.6344 4.0909 1568.9127 1.1662 298.2750 51.8705 
2018/6/19 15:42:10 
2.6344 4.1007 1344.0839 1.1662 298.2750 48.0109 
2018/6/19 15:42:11 
2.6344 4.2278 1451.6108 1.1662 298.2750 49.8939 
2018/6/19 15:42:13 
2.6344 4.1202 1466.2735 1.1662 298.2750 50.1462 
2018/6/19 15:42:15 
2.6344 4.2424 1378.2971 1.1662 298.2750 48.6182 
2018/6/19 15:42:17 
2.6344 4.1593 1392.9598 1.1662 298.2750 48.8760 
2018/6/19 15:42:19 
2.6344 4.2522 1593.3510 1.1663 298.2750 52.2723 
2018/6/19 15:42:21 
2.6344 4.1007 1456.4984 1.1662 298.2750 49.9789 
2018/6/19 15:42:22 
2.6344 4.2424 1520.0369 1.1662 298.2750 51.0565 
2018/6/19 15:42:24 
2.6344 4.2620 1622.6766 1.1665 298.2125 52.7467 
2018/6/19 15:42:26 
2.6344 4.2082 1476.0487 1.1664 298.2125 50.3075 
2018/6/19 15:42:28 
2.6344 4.1789 1456.4984 1.1662 298.2750 49.9780 
2018/6/19 15:42:30 
2.6344 4.1251 1363.6343 1.1665 298.2125 48.3536 
2018/6/19 15:42:32 
2.6344 4.0909 1510.2617 1.1665 298.2125 50.8871 
2018/6/19 15:42:33 
2.6344 4.0860 1549.3624 1.1665 298.2125 51.5403 
2018/6/19 15:42:35 
2.6344 4.1740 1407.6225 1.1665 298.2125 49.1267 
2018/6/19 15:42:37 
2.6344 4.1105 1554.2500 1.1665 298.2125 51.6223 
2018/6/19 15:42:39 
2.6344 4.1887 1549.3624 1.1665 298.2125 51.5404 
2018/6/19 15:42:41 
2.6344 4.1447 1417.3977 1.1663 298.2750 49.3008 
2018/6/19 15:42:43 
2.6344 4.2766 1544.4748 1.1664 298.2125 51.4604 
2018/6/19 15:42:44 
2.6344 4.2033 1505.3741 1.1665 298.2125 50.8046 
2018/6/19 15:42:46 
2.6344 4.1691 1427.1728 1.1664 298.2125 49.4685 
2018/6/19 15:42:48 
2.6344 4.2669 1612.9014 1.1664 298.2125 52.5879 
2018/6/19 15:42:50 
2.6344 4.2522 1490.7114 1.1664 298.2125 50.5570 
2018/6/19 15:42:52 
2.6344 4.1300 1559.1375 1.1665 298.2125 51.7040 
2018/6/19 15:42:54 
2.6344 4.2913 1451.6108 1.1665 298.2125 49.8891 
2018/6/19 15:42:55 
2.6344 4.1984 1544.4748 1.1664 298.2125 51.4612 
2018/6/19 15:42:57 
2.6344 4.2620 1588.4635 1.1664 298.2125 52.1885 
2018/6/19 15:42:59 
2.6344 4.1838 1388.0722 1.1665 298.2125 48.7850 
2018/6/19 15:43:1 
2.6344 4.1935 1456.4984 1.1664 298.2125 49.9733 
2018/6/19 15:43:3 
2.6344 4.0225 1652.0020 1.1662 298.2750 53.2276 
2018/6/19 15:43:5 
2.6344 4.2082 1627.5642 1.1662 298.2750 52.8314 
2018/6/19 15:43:6 
2.6344 4.1496 1412.5101 1.1664 298.2125 49.2141 
2018/6/19 15:43:8 
2.6344 4.2278 1456.4984 1.1662 298.2750 49.9788 
2018/6/19 15:43:10 
2.6344 4.2620 1388.0722 1.1662 298.2750 48.7895 
2018/6/19 15:43:12 
2.6344 4.2473 1476.0487 1.1662 298.2750 50.3122 
2018/6/19 15:43:14 
2.6344 4.1447 1456.4984 1.1664 298.2125 49.9736 
2018/6/19 15:43:16 
2.6344 4.1544 1432.0604 1.1665 298.2125 49.5517 
2018/6/19 15:43:17 
2.6344 3.8759 1314.7585 1.1662 298.2750 47.4836 
2018/6/19 15:43:19 
2.6344 4.2278 1573.8002 1.1663 298.2750 51.9506 
2018/6/19 15:43:21 
2.6344 4.1691 1422.2852 1.1663 298.2750 49.3869 
2018/6/19 15:43:23 
2.6344 4.1789 1671.5523 1.1663 298.2750 53.5397 
2018/6/19 15:43:25 
2.6344 4.1447 1730.2033 1.1662 298.2750 54.4717 
2018/6/19 15:43:27 
2.6344 4.1447 1490.7114 1.1662 298.2750 50.5613 
2018/6/19 15:43:28 
2.6344 4.1838 1451.6108 1.1662 298.2750 49.8938 
2018/6/19 15:43:30 
2.6344 4.2278 1436.9481 1.1662 298.2750 49.6416 
2018/6/19 15:43:32 
2.6344 4.0371 1446.7232 1.1662 298.2750 49.8095 
2018/6/19 15:43:34 
2.6344 4.1202 1608.0139 1.1663 298.2750 52.5126 
2018/6/19 15:43:36 
2.6344 4.0567 1353.8591 1.1662 298.2750 48.1852 
2018/6/19 15:43:38 
2.6344 4.1740 1539.5872 1.1662 298.2750 51.3834 
2018/6/19 15:43:39 
2.6344 4.2033 1476.0487 1.1663 298.2750 50.3114 
2018/6/19 15:43:41 
2.6344 4.1544 1358.7468 1.1662 298.2750 48.2717 
2018/6/19 15:43:43 
2.6344 4.1349 1456.4984 1.1663 298.2750 49.9772 
2018/6/19 15:43:45 
2.6344 4.1202 1500.4865 1.1663 298.2750 50.7263 
2018/6/19 15:43:47 
2.6344 4.1447 1490.7114 1.1663 298.2750 50.5609 
2018/6/19 15:43:49 
2.6344 4.1447 1388.0722 1.1663 298.2750 48.7884 
2018/6/19 15:43:50 
2.6344 4.1642 1451.6108 1.1662 298.2750 49.8936 
2018/6/19 15:43:52 
2.6344 4.2131 1256.1072 1.1663 298.2750 46.4118 
2018/6/19 15:43:54 
2.6344 4.1056 1529.8121 1.1663 298.2750 51.2191 
2018/6/19 15:43:56 
2.6344 4.1447 1539.5872 1.1662 298.2750 51.3838 
2018/6/19 15:43:58 
2.6344 4.3060 1461.3859 1.1663 298.2750 50.0607 
2018/6/19 15:44:0 
2.6344 4.0665 1378.2971 1.1663 298.2750 48.6167 
2018/6/19 15:44:1 
2.6344 4.1202 1456.4984 1.1663 298.2750 49.9774 
2018/6/19 15:44:3 
2.6344 4.2278 1407.6225 1.1663 298.2750 49.1314 
2018/6/19 15:44:5 
2.6344 4.1007 1461.3859 1.1662 298.2750 50.0617 
2018/6/19 15:44:7 
2.6344 4.1496 1573.8002 1.1663 298.2750 51.9508 
2018/6/19 15:44:9 
2.6344 4.2375 1441.8356 1.1662 298.2750 49.7260 
2018/6/19 15:44:11 
2.6344 4.1838 1715.5406 1.1662 298.2750 54.2404 
2018/6/19 15:44:12 
2.6344 4.2326 1441.8356 1.1662 298.2750 49.7259 
2018/6/19 15:44:14 
2.6344 4.2522 1495.5989 1.1661 298.3375 50.6482 
2018/6/19 15:44:16 
2.6344 3.9687 1280.5455 1.1662 298.2750 46.8621 
2018/6/19 15:44:18 
2.6344 4.0274 1617.7890 1.1660 298.3375 52.6775 
2018/6/19 15:44:20 
2.6344 4.0176 1383.1846 1.1662 298.2750 48.7048 
2018/6/19 15:44:22 
2.6344 4.0811 1476.0487 1.1661 298.2750 50.3139 
2018/6/19 15:44:24 
2.6344 4.1202 1573.8002 1.1662 298.2750 51.9524 
2018/6/19 15:44:25 
2.6344 4.1691 1436.9481 1.1660 298.3375 49.6468 
2018/6/19 15:44:27 
2.6344 4.2766 1480.9362 1.1662 298.2750 50.3962 
2018/6/19 15:44:29 
2.6344 4.2180 1588.4635 1.1662 298.2750 52.1943 
2018/6/19 15:44:31 
2.6344 4.0029 1339.1964 1.1662 298.2750 47.9232 
2018/6/19 15:44:33 
2.6344 4.2033 1559.1375 1.1662 298.2750 51.7096 
2018/6/19 15:44:35 
2.6344 4.1300 1466.2735 1.1660 298.3375 50.1506 
